1,0,-2044,9135,-7093,-134,1873,-1743,0,0,0,0,0,1
2,521,-3826,9526,-5700,-542,2022,-1477,0,0,0,0,0,1
3,1042,-5473,9558,-4095,-924,2083,-1164,0,0,0,0,0,1
4,1562,-6905,9223,-2321,-1271,2072,-801,0,0,0,0,0,1
5,2083,-8067,8530,-460,-1568,1982,-406,0,0,0,0,0,1
6,2604,-8926,7507,1424,-1809,1810,-3,0,0,0,0,0,1
7,3125,-9439,6201,3247,-1978,1573,408,0,0,0,0,0,1
8,3646,-9592,4648,4941,-2073,1274,803,0,0,0,0,0,1
9,4167,-9379,2930,6458,-2085,931,1160,0,0,0,0,0,1
10,4688,-8796,1077,7712,-2018,543,1479,0,0,0,0,0,1
11,5208,-7876,-801,8670,-1877,140,1739,0,0,0,0,0,1
12,5729,-6663,-2651,9309,-1658,-271,1931,0,0,0,0,0,1
13,6250,-5188,-4393,9585,-1385,-670,2052,0,0,0,0,0,1
14,6771,-3519,-5975,9490,-1043,-1045,2087,0,0,0,0,0,1
15,7292,-1702,-7326,9029,-674,-1374,2054,0,0,0,0,0,1
16,7812,169,-8390,8219,-272,-1659,1931,0,0,0,0,0,1
17,8333,2035,-9132,7094,133,-1875,1739,0,0,0,0,0,1
18,8854,3823,-9534,5701,540,-2020,1476,0,0,0,0,0,1
19,9375,5461,-9561,4091,923,-2089,1166,0,0,0,0,0,1
20,9896,6900,-9221,2319,1273,-2076,800,0,0,0,0,0,1
21,10417,8069,-8529,459,1570,-1979,409,0,0,0,0,0,1
22,10938,8926,-7506,-1416,1811,-1815,2,0,0,0,0,0,1
23,11458,9442,-6200,-3244,1978,-1574,-403,0,0,0,0,0,1
24,11979,9594,-4648,-4947,2074,-1277,-798,0,0,0,0,0,1
25,12500,9375,-2926,-6449,2086,-925,-1159,0,0,0,0,0,1
26,13021,8795,-1082,-7707,2016,-545,-1478,0,0,0,0,0,1
27,13542,7882,794,-8675,1871,-139,-1736,0,0,0,0,0,1
28,14062,6664,2648,-9301,1659,269,-1931,0,0,0,0,0,1
29,14583,5189,4397,-9578,1379,672,-2051,0,0,0,0,0,1
30,15104,3518,5981,-9485,1048,1045,-2089,0,0,0,0,0,1
31,15625,1706,7321,-9027,672,1380,-2057,0,0,0,0,0,1
32,16146,-175,8386,-8219,276,1656,-1932,0,0,0,0,0,1
33,16667,-2033,9138,-7097,-136,1873,-1737,0,0,0,0,0,1
34,17188,-3822,9529,-5702,-539,2023,-1482,0,0,0,0,0,1
35,17708,-5466,9562,-4093,-924,2088,-1163,0,0,0,0,0,1
36,18229,-6904,9224,-2316,-1274,2073,-801,0,0,0,0,0,1
37,18750,-8068,8530,-457,-1572,1985,-410,0,0,0,0,0,1
38,19271,-8929,7505,1417,-1808,1811,2,0,0,0,0,0,1
39,19792,-9442,6194,3245,-1980,1571,406,0,0,0,0,0,1
40,20312,-9592,4653,4941,-2071,1282,802,0,0,0,0,0,1
41,20833,-9379,2926,6458,-2083,926,1161,0,0,0,0,0,1
42,21354,-8791,1085,7714,-2017,545,1482,0,0,0,0,0,1
43,21875,-7879,-800,8675,-1872,136,1741,0,0,0,0,0,1
44,22396,-6658,-2653,9308,-1660,-270,1931,0,0,0,0,0,1
45,22917,-5184,-4394,9582,-1381,-668,2049,0,0,0,0,0,1
46,23438,-3514,-5976,9489,-1044,-1045,2092,0,0,0,0,0,1
47,23958,-1704,-7324,9026,-671,-1378,2050,0,0,0,0,0,1
48,24479,166,-8389,8223,-274,-1658,1931,0,0,0,0,0,1
49,25000,2041,-9138,7093,138,-1874,1740,0,0,0,0,0,1
50,25521,3826,-9524,5701,539,-2019,1480,0,0,0,0,0,1
51,26042,5470,-9558,4094,923,-2087,1164,0,0,0,0,0,1
52,26562,6901,-9214,2321,1273,-2074,799,0,0,0,0,0,1
53,27083,8071,-8526,456,1576,-1979,407,0,0,0,0,0,1
54,27604,8928,-7508,-1421,1811,-1809,1,0,0,0,0,0,1
55,28125,9442,-6193,-3248,1980,-1571,-407,0,0,0,0,0,1
56,28646,9588,-4649,-4938,2071,-1274,-798,0,0,0,0,0,1
57,29167,9372,-2924,-6457,2092,-925,-1164,0,0,0,0,0,1
58,29688,8797,-1089,-7715,2020,-543,-1479,0,0,0,0,0,1
59,30208,7883,797,-8676,1877,-135,-1737,0,0,0,0,0,1
60,30729,6657,2652,-9307,1662,274,-1934,0,0,0,0,0,1
61,31250,5189,4399,-9584,1378,671,-2053,0,0,0,0,0,1
62,31771,3515,5970,-9490,1042,1044,-2095,0,0,0,0,0,1
63,32292,1704,7320,-9029,671,1378,-2053,0,0,0,0,0,1
64,32812,-171,8388,-8222,274,1658,-1934,0,0,0,0,0,1
65,33333,-2034,9139,-7100,-135,1872,-1738,0,0,0,0,0,1
66,33854,-3830,9530,-5708,-539,2020,-1484,0,0,0,0,0,1
67,34375,-5473,9558,-4090,-924,2084,-1164,0,0,0,0,0,1
68,34896,-6902,9219,-2325,-1273,2073,-800,0,0,0,0,0,1
69,35417,-8071,8523,-458,-1571,1981,-409,0,0,0,0,0,1
70,35938,-8928,7506,1423,-1808,1811,-1,0,0,0,0,0,1
71,36458,-9440,6192,3241,-1982,1572,406,0,0,0,0,0,1
72,36979,-9588,4648,4945,-2070,1272,798,0,0,0,0,0,1
73,37500,-9372,2926,6447,-2090,927,1161,0,0,0,0,0,1
74,38021,-8796,1082,7712,-2015,543,1478,0,0,0,0,0,1
75,38542,-7881,-799,8680,-1875,141,1742,0,0,0,0,0,1
76,39062,-6663,-2648,9306,-1662,-270,1932,0,0,0,0,0,1
77,39583,-5182,-4399,9583,-1381,-675,2052,0,0,0,0,0,1
78,40104,-3512,-5977,9486,-1052,-1046,2092,0,0,0,0,0,1
79,40625,-1700,-7322,9027,-675,-1377,2051,0,0,0,0,0,1
80,41146,171,-8392,8212,-276,-1659,1933,0,0,0,0,0,1
81,41667,2038,-9137,7104,135,-1876,1742,0,0,0,0,0,1
82,42188,3826,-9529,5706,541,-2015,1476,0,0,0,0,0,1
83,42708,5469,-9558,4086,923,-2087,1163,0,0,0,0,0,1
84,43229,6900,-9222,2316,1269,-2076,801,0,0,0,0,0,1
85,43750,8067,-8527,457,1570,-1979,407,0,0,0,0,0,1
86,44271,8926,-7507,-1424,1807,-1812,-2,0,0,0,0,0,1
87,44792,9439,-6195,-3243,1978,-1571,-404,0,0,0,0,0,1
88,45312,9590,-4648,-4943,2074,-1273,-798,0,0,0,0,0,1
89,45833,9378,-2921,-6449,2090,-925,-1163,0,0,0,0,0,1
90,46354,8793,-1083,-7714,2021,-541,-1475,0,0,0,0,0,1
91,46875,7882,790,-8675,1873,-142,-1738,0,0,0,0,0,1
92,47396,6660,2647,-9305,1659,269,-1932,0,0,0,0,0,1
93,47917,5186,4390,-9579,1382,671,-2048,0,0,0,0,0,1
94,48438,3517,5973,-9484,1047,1043,-2091,0,0,0,0,0,1
95,48958,1703,7324,-9027,673,1378,-2051,0,0,0,0,0,1
96,49479,-172,8392,-8224,275,1658,-1930,0,0,0,0,0,1
97,50000,-2037,9134,-7103,-138,1876,-1738,0,0,0,0,0,1
98,50521,-3828,9529,-5708,-541,2020,-1479,0,0,0,0,0,1
99,51042,-5474,9561,-4091,-927,2085,-1163,0,0,0,0,0,1
100,51562,-6904,9221,-2322,-1275,2073,-801,0,0,0,0,0,1
101,52083,-8066,8530,-455,-1572,1984,-410,0,0,0,0,0,1
102,52604,-8929,7508,1422,-1813,1810,1,0,0,0,0,0,1
103,53125,-9443,6197,3243,-1976,1575,406,0,0,0,0,0,1
104,53646,-9589,4648,4942,-2072,1276,799,0,0,0,0,0,1
105,54167,-9379,2925,6449,-2087,925,1158,0,0,0,0,0,1
106,54688,-8794,1088,7713,-2019,542,1479,0,0,0,0,0,1
107,55208,-7877,-800,8677,-1875,136,1739,0,0,0,0,0,1
108,55729,-6656,-2647,9311,-1663,-269,1931,0,0,0,0,0,1
109,56250,-5185,-4398,9573,-1377,-667,2051,0,0,0,0,0,1
110,56771,-3510,-5973,9489,-1048,-1046,2091,0,0,0,0,0,1
111,57292,-1708,-7322,9025,-674,-1376,2049,0,0,0,0,0,1
112,57812,169,-8385,8219,-273,-1659,1932,0,0,0,0,0,1
113,58333,2039,-9141,7099,135,-1872,1741,0,0,0,0,0,1
114,58854,3823,-9524,5706,540,-2022,1476,0,0,0,0,0,1
115,59375,5476,-9560,4094,925,-2088,1165,0,0,0,0,0,1
116,59896,6905,-9222,2316,1274,-2073,803,0,0,0,0,0,1
117,60417,8069,-8525,454,1571,-1982,410,0,0,0,0,0,1
118,60938,8921,-7508,-1421,1812,-1812,5,0,0,0,0,0,1
119,61458,9442,-6195,-3241,1979,-1576,-406,0,0,0,0,0,1
120,61979,9586,-4647,-4944,2073,-1274,-799,0,0,0,0,0,1
121,62500,9371,-2916,-6447,2086,-925,-1161,0,0,0,0,0,1
122,63021,8795,-1085,-7708,2021,-545,-1480,0,0,0,0,0,1
123,63542,7884,799,-8678,1878,-137,-1740,0,0,0,0,0,1
124,64062,6660,2644,-9309,1661,271,-1933,0,0,0,0,0,1
125,64583,5187,4391,-9581,1378,671,-2051,0,0,0,0,0,1
126,65104,3510,5975,-9491,1047,1042,-2091,0,0,0,0,0,1
127,65625,1695,7326,-9026,671,1377,-2052,0,0,0,0,0,1
128,66146,-167,8392,-8217,274,1659,-1933,0,0,0,0,0,1
129,66667,-2035,9139,-7096,-131,1876,-1739,0,0,0,0,0,1
130,67188,-3821,9531,-5701,-538,2018,-1478,0,0,0,0,0,1
131,67708,-5473,9562,-4090,-923,2088,-1165,0,0,0,0,0,1
132,68229,-6899,9221,-2317,-1269,2069,-800,0,0,0,0,0,1
133,68750,-8067,8523,-459,-1569,1979,-409,0,0,0,0,0,1
134,69271,-8927,7509,1427,-1807,1813,-4,0,0,0,0,0,1
135,69792,-9437,6191,3249,-1980,1573,407,0,0,0,0,0,1
136,70312,-9589,4645,4940,-2077,1278,800,0,0,0,0,0,1
137,70833,-9372,2927,6449,-2085,929,1163,0,0,0,0,0,1
138,71354,-8792,1085,7715,-2023,546,1477,0,0,0,0,0,1
139,71875,-7879,-795,8678,-1873,140,1737,0,0,0,0,0,1
140,72396,-6661,-2644,9312,-1660,-271,1929,0,0,0,0,0,1
141,72917,-5193,-4393,9582,-1376,-670,2050,0,0,0,0,0,1
142,73438,-3511,-5966,9487,-1047,-1043,2090,0,0,0,0,0,1
143,73958,-1705,-7322,9025,-671,-1378,2050,0,0,0,0,0,1
144,74479,169,-8385,8222,-274,-1659,1937,0,0,0,0,0,1
145,75000,2040,-9138,7093,134,-1873,1739,0,0,0,0,0,1
146,75521,3828,-9531,5701,541,-2020,1478,0,0,0,0,0,1
147,76042,5470,-9563,4089,921,-2086,1166,0,0,0,0,0,1
148,76562,6900,-9221,2322,1273,-2076,799,0,0,0,0,0,1
149,77083,8065,-8526,459,1571,-1980,409,0,0,0,0,0,1
150,77604,8930,-7505,-1418,1814,-1811,0,0,0,0,0,0,1
151,78125,9439,-6198,-3248,1982,-1572,-405,0,0,0,0,0,1
152,78646,9593,-4651,-4940,2069,-1269,-798,0,0,0,0,0,1
153,79167,9379,-2917,-6446,2083,-929,-1161,0,0,0,0,0,1
154,79688,8800,-1081,-7706,2017,-546,-1478,0,0,0,0,0,1
155,80208,7881,794,-8682,1878,-138,-1736,0,0,0,0,0,1
156,80729,6665,2647,-9306,1660,272,-1932,0,0,0,0,0,1
157,81250,5187,4395,-9581,1379,669,-2049,0,0,0,0,0,1
158,81771,3517,5968,-9487,1045,1043,-2095,0,0,0,0,0,1
159,82292,1709,7321,-9028,672,1378,-2051,0,0,0,0,0,1
160,82812,-171,8389,-8219,271,1659,-1933,0,0,0,0,0,1
161,83333,-2034,9142,-7095,-135,1874,-1741,0,0,0,0,0,1
162,83854,-3826,9530,-5707,-540,2025,-1478,0,0,0,0,0,1
163,84375,-5473,9560,-4087,-922,2088,-1161,0,0,0,0,0,1
164,84896,-6896,9219,-2320,-1271,2074,-806,0,0,0,0,0,1
165,85417,-8069,8526,-457,-1571,1979,-408,0,0,0,0,0,1
166,85938,-8923,7506,1422,-1807,1813,-2,0,0,0,0,0,1
167,86458,-9437,6203,3243,-1980,1576,408,0,0,0,0,0,1
168,86979,-9592,4649,4939,-2077,1273,798,0,0,0,0,0,1
169,87500,-9374,2925,6454,-2088,923,1166,0,0,0,0,0,1
170,88021,-8796,1082,7711,-2020,541,1473,0,0,0,0,0,1
171,88542,-7885,-791,8677,-1874,137,1739,0,0,0,0,0,1
172,89062,-6660,-2644,9307,-1657,-271,1932,0,0,0,0,0,1
173,89583,-5185,-4389,9588,-1383,-672,2051,0,0,0,0,0,1
174,90104,-3514,-5971,9483,-1049,-1042,2088,0,0,0,0,0,1
175,90625,-1705,-7321,9027,-670,-1375,2052,0,0,0,0,0,1
176,91146,170,-8392,8222,-277,-1659,1931,0,0,0,0,0,1
177,91667,2038,-9138,7099,135,-1875,1742,0,0,0,0,0,1
178,92188,3828,-9532,5697,538,-2021,1480,0,0,0,0,0,1
179,92708,5468,-9557,4088,923,-2085,1160,0,0,0,0,0,1
180,93229,6904,-9220,2322,1273,-2070,797,0,0,0,0,0,1
181,93750,8064,-8529,457,1570,-1979,409,0,0,0,0,0,1
182,94271,8926,-7502,-1418,1814,-1812,1,0,0,0,0,0,1
183,94792,9444,-6202,-3243,1980,-1574,-408,0,0,0,0,0,1
184,95312,9591,-4654,-4943,2074,-1269,-796,0,0,0,0,0,1
185,95833,9374,-2922,-6450,2094,-923,-1159,0,0,0,0,0,1
186,96354,8791,-1080,-7710,2018,-542,-1476,0,0,0,0,0,1
187,96875,7877,793,-8678,1875,-141,-1738,0,0,0,0,0,1
188,97396,6663,2643,-9307,1660,271,-1928,0,0,0,0,0,1
189,97917,5186,4399,-9587,1379,674,-2049,0,0,0,0,0,1
190,98438,3510,5974,-9484,1046,1044,-2092,0,0,0,0,0,1
191,98958,1705,7319,-9030,673,1377,-2052,0,0,0,0,0,1
192,99479,-174,8389,-8220,275,1659,-1934,0,0,0,0,0,1
193,100000,-2038,9134,-7100,-138,1876,-1740,0,0,0,0,0,1
194,100521,-3821,9531,-5699,-536,2014,-1476,0,0,0,0,0,1
195,101042,-5471,9558,-4089,-924,2087,-1165,0,0,0,0,0,1
196,101562,-6908,9224,-2321,-1270,2071,-801,0,0,0,0,0,1
197,102083,-8071,8526,-460,-1571,1980,-409,0,0,0,0,0,1
198,102604,-8926,7508,1415,-1810,1808,-4,0,0,0,0,0,1
199,103125,-9441,6198,3244,-1978,1573,407,0,0,0,0,0,1
200,103646,-9589,4647,4941,-2073,1274,797,0,0,0,0,0,1
201,104167,-9371,2923,6450,-2084,926,1161,0,0,0,0,0,1
202,104688,-8790,1083,7714,-2021,544,1475,0,0,0,0,0,1
203,105208,-7874,-794,8680,-1875,138,1738,0,0,0,0,0,1
204,105729,-6667,-2644,9305,-1663,-270,1930,0,0,0,0,0,1
205,106250,-5186,-4397,9584,-1380,-669,2051,0,0,0,0,0,1
206,106771,-3516,-5970,9492,-1047,-1043,2089,0,0,0,0,0,1
207,107292,-1704,-7322,9028,-673,-1375,2055,0,0,0,0,0,1
208,107812,167,-8390,8215,-272,-1657,1934,0,0,0,0,0,1
209,108333,2044,-9137,7096,135,-1872,1737,0,0,0,0,0,1
210,108854,3826,-9531,5704,539,-2018,1480,0,0,0,0,0,1
211,109375,5466,-9561,4093,924,-2088,1164,0,0,0,0,0,1
212,109896,6902,-9215,2316,1276,-2072,801,0,0,0,0,0,1
213,110417,8067,-8530,459,1572,-1981,410,0,0,0,0,0,1
214,110938,8925,-7504,-1424,1808,-1810,0,0,0,0,0,0,1
215,111458,9439,-6201,-3241,1979,-1574,-405,0,0,0,0,0,1
216,111979,9592,-4646,-4940,2078,-1274,-797,0,0,0,0,0,1
217,112500,9377,-2922,-6448,2086,-929,-1160,0,0,0,0,0,1
218,113021,8791,-1084,-7710,2019,-545,-1479,0,0,0,0,0,1
219,113542,7888,797,-8679,1875,-141,-1736,0,0,0,0,0,1
220,114062,6659,2650,-9301,1657,269,-1933,0,0,0,0,0,1
221,114583,5183,4392,-9578,1381,676,-2051,0,0,0,0,0,1
222,115104,3515,5976,-9487,1048,1042,-2090,0,0,0,0,0,1
223,115625,1708,7324,-9029,676,1373,-2052,0,0,0,0,0,1
224,116146,-176,8389,-8223,274,1654,-1932,0,0,0,0,0,1
225,116667,-2038,9136,-7101,-136,1874,-1739,0,0,0,0,0,1
226,117188,-3824,9531,-5708,-545,2021,-1476,0,0,0,0,0,1
227,117708,-5469,9561,-4088,-921,2090,-1159,0,0,0,0,0,1
228,118229,-6905,9218,-2320,-1272,2072,-801,0,0,0,0,0,1
229,118750,-8071,8521,-456,-1569,1983,-410,0,0,0,0,0,1
230,119271,-8926,7504,1417,-1810,1810,-1,0,0,0,0,0,1
231,119792,-9442,6196,3244,-1980,1573,404,0,0,0,0,0,1
232,120312,-9592,4648,4939,-2069,1276,797,0,0,0,0,0,1
233,120833,-9370,2923,6451,-2086,926,1161,0,0,0,0,0,1
234,121354,-8795,1081,7714,-2022,542,1478,0,0,0,0,0,1
235,121875,-7875,-794,8675,-1876,138,1737,0,0,0,0,0,1
236,122396,-6661,-2643,9310,-1659,-274,1931,0,0,0,0,0,1
237,122917,-5185,-4394,9585,-1380,-670,2052,0,0,0,0,0,1
238,123438,-3518,-5977,9481,-1048,-1043,2094,0,0,0,0,0,1
239,123958,-1705,-7329,9024,-672,-1377,2051,0,0,0,0,0,1
240,124479,169,-8391,8224,-278,-1660,1930,0,0,0,0,0,1
241,125000,2037,-9141,7100,136,-1874,1739,0,0,0,0,0,1
242,125521,3828,-9524,5700,538,-2021,1478,0,0,0,0,0,1
243,126042,5472,-9559,4090,924,-2086,1170,0,0,0,0,0,1
244,126562,6902,-9225,2321,1271,-2071,802,0,0,0,0,0,1
245,127083,8067,-8530,455,1570,-1982,406,0,0,0,0,0,1
246,127604,8924,-7508,-1415,1811,-1811,3,0,0,0,0,0,1
247,128125,9435,-6199,-3245,1980,-1575,-408,0,0,0,0,0,1
248,128646,9592,-4652,-4939,2077,-1274,-800,0,0,0,0,0,1
249,129167,9370,-2923,-6448,2089,-923,-1162,0,0,0,0,0,1
250,129688,8792,-1079,-7709,2019,-544,-1475,0,0,0,0,0,1
251,130208,7878,796,-8677,1876,-138,-1740,0,0,0,0,0,1
252,130729,6660,2643,-9302,1657,272,-1934,0,0,0,0,0,1
253,131250,5188,4393,-9587,1379,673,-2050,0,0,0,0,0,1
254,131771,3515,5971,-9484,1047,1044,-2092,0,0,0,0,0,1
255,132292,1710,7321,-9027,675,1378,-2052,0,0,0,0,0,1
256,132812,-165,8390,-8224,278,1661,-1930,0,0,0,0,0,1
257,133333,-2042,9134,-7102,-137,1876,-1740,0,0,0,0,0,1
258,133854,-3828,9529,-5704,-542,2018,-1479,0,0,0,0,0,1
259,134375,-5468,9559,-4094,-925,2090,-1167,0,0,0,0,0,1
260,134896,-6900,9220,-2322,-1268,2077,-808,0,0,0,0,0,1
261,135417,-8070,8523,-459,-1572,1981,-408,0,0,0,0,0,1
262,135938,-8928,7503,1417,-1808,1815,-3,0,0,0,0,0,1
263,136458,-9438,6198,3248,-1981,1572,402,0,0,0,0,0,1
264,136979,-9594,4651,4937,-2074,1271,799,0,0,0,0,0,1
265,137500,-9372,2925,6457,-2085,929,1162,0,0,0,0,0,1
266,138021,-8802,1085,7713,-2021,540,1479,0,0,0,0,0,1
267,138542,-7882,-793,8678,-1875,142,1739,0,0,0,0,0,1
268,139062,-6664,-2644,9310,-1659,-272,1932,0,0,0,0,0,1
269,139583,-5184,-4392,9585,-1381,-669,2049,0,0,0,0,0,1
270,140104,-3508,-5973,9488,-1047,-1046,2090,0,0,0,0,0,1
271,140625,-1699,-7321,9025,-672,-1376,2052,0,0,0,0,0,1
272,141146,165,-8389,8224,-275,-1662,1933,0,0,0,0,0,1
273,141667,2037,-9136,7099,137,-1873,1737,0,0,0,0,0,1
274,142188,3826,-9533,5708,540,-2020,1479,0,0,0,0,0,1
275,142708,5465,-9564,4091,924,-2083,1164,0,0,0,0,0,1
276,143229,6902,-9225,2321,1269,-2072,802,0,0,0,0,0,1
277,143750,8069,-8523,457,1570,-1982,411,0,0,0,0,0,1
278,144271,8929,-7498,-1413,1810,-1812,2,0,0,0,0,0,1
279,144792,9436,-6195,-3242,1979,-1570,-408,0,0,0,0,0,1
280,145312,9592,-4648,-4943,2075,-1274,-796,0,0,0,0,0,1
281,145833,9375,-2922,-6447,2088,-924,-1160,0,0,0,0,0,1
282,146354,8794,-1082,-7712,2020,-545,-1475,0,0,0,0,0,1
283,146875,7881,791,-8679,1875,-142,-1739,0,0,0,0,0,1
284,147396,6660,2641,-9308,1660,272,-1934,0,0,0,0,0,1
285,147917,5185,4392,-9584,1379,671,-2050,0,0,0,0,0,1
286,148438,3511,5975,-9483,1047,1046,-2093,0,0,0,0,0,1
287,148958,1707,7318,-9027,678,1375,-2051,0,0,0,0,0,1
288,149479,-168,8394,-8223,274,1657,-1932,0,0,0,0,0,1
289,150000,-2030,9136,-7097,-133,1874,-1741,0,0,0,0,0,1
290,150521,-3825,9531,-5703,-541,2021,-1480,0,0,0,0,0,1
291,151042,-5467,9560,-4092,-925,2087,-1162,0,0,0,0,0,1
292,151562,-6900,9222,-2312,-1275,2075,-799,0,0,0,0,0,1
293,152083,-8068,8531,-460,-1572,1981,-410,0,0,0,0,0,1
294,152604,-8924,7508,1416,-1809,1807,1,0,0,0,0,0,1
295,153125,-9443,6196,3242,-1980,1574,407,0,0,0,0,0,1
296,153646,-9594,4654,4941,-2073,1274,800,0,0,0,0,0,1
297,154167,-9370,2919,6452,-2089,927,1161,0,0,0,0,0,1
298,154688,-8804,1082,7711,-2021,543,1478,0,0,0,0,0,1
299,155208,-7878,-798,8673,-1877,137,1736,0,0,0,0,0,1
300,155729,-6668,-2642,9307,-1664,-272,1932,0,0,0,0,0,1
301,156250,-5182,-4399,9581,-1379,-669,2049,0,0,0,0,0,1
302,156771,-3513,-5975,9488,-1048,-1044,2091,0,0,0,0,0,1
303,157292,-1703,-7319,9027,-673,-1379,2053,0,0,0,0,0,1
304,157812,165,-8390,8216,-273,-1657,1934,0,0,0,0,0,1
305,158333,2034,-9141,7095,131,-1879,1736,0,0,0,0,0,1
306,158854,3828,-9532,5703,539,-2015,1479,0,0,0,0,0,1
307,159375,5471,-9559,4087,923,-2088,1165,0,0,0,0,0,1
308,159896,6899,-9220,2319,1271,-2075,804,0,0,0,0,0,1
309,160417,8062,-8526,457,1567,-1979,413,0,0,0,0,0,1
310,160938,8926,-7504,-1416,1812,-1807,0,0,0,0,0,0,1
311,161458,9441,-6195,-3239,1978,-1573,-407,0,0,0,0,0,1
312,161979,9593,-4651,-4943,2074,-1277,-798,0,0,0,0,0,1
313,162500,9373,-2919,-6452,2084,-927,-1162,0,0,0,0,0,1
314,163021,8798,-1084,-7712,2020,-544,-1478,0,0,0,0,0,1
315,163542,7887,796,-8682,1874,-136,-1738,0,0,0,0,0,1
316,164062,6659,2643,-9311,1662,271,-1934,0,0,0,0,0,1
317,164583,5186,4395,-9579,1381,669,-2053,0,0,0,0,0,1
318,165104,3514,5969,-9488,1045,1044,-2092,0,0,0,0,0,1
319,165625,1704,7325,-9027,676,1377,-2053,0,0,0,0,0,1
320,166146,-174,8394,-8223,273,1656,-1933,0,0,0,0,0,1
321,166667,-2041,7483,-5447,-137,1874,-1740,0,0,0,0,0,1
322,167188,-3828,7972,-4149,-540,4202,-3664,0,0,0,0,0,1
323,167708,-5472,8159,-2693,-923,6233,-5312,0,0,0,0,0,1
324,168229,-6902,8032,-1132,-1268,7899,-6627,0,0,0,0,0,1
325,168750,-8069,7595,473,-1572,9134,-7562,0,0,0,0,0,1
326,169271,-8922,6868,2067,-1810,9895,-8083,0,0,0,0,0,1
327,169792,-9439,5868,3566,-1981,10154,-8178,0,0,0,0,0,1
328,170312,-9592,4651,4936,-2073,9910,-7835,0,0,0,0,0,1
329,170833,-9375,3262,6122,-2090,9163,-7078,0,0,0,0,0,1
330,171354,-8793,1737,7065,-2021,7956,-5934,0,0,0,0,0,1
331,171875,-7881,147,7740,-1875,6335,-4457,0,0,0,0,0,1
332,172396,-6662,-1452,8112,-1660,4355,-2699,0,0,0,0,0,1
333,172917,-5184,-2990,8173,-1381,2108,-724,0,0,0,0,0,1
334,173438,-3515,-4409,7918,-1047,-328,1373,0,0,0,0,0,1
335,173958,-1700,-5664,7365,-671,-2856,3529,0,0,0,0,0,1
336,174479,163,-6704,6528,-274,-5367,5640,0,0,0,0,0,1
337,175000,2032,-7479,5449,134,-7775,7642,0,0,0,0,0,1
338,175521,3823,-7972,4146,540,-9978,9443,0,0,0,0,0,1
339,176042,5470,-8159,2689,926,-11897,10969,0,0,0,0,0,1
340,176562,6899,-8033,1131,1277,-13440,12170,0,0,0,0,0,1
341,177083,8061,-7588,-478,1572,-14563,12994,0,0,0,0,0,1
342,177604,8921,-6863,-2062,1807,-15209,13399,0,0,0,0,0,1
343,178125,9443,-5868,-3570,1981,-15365,13383,0,0,0,0,0,1
344,178646,9593,-4660,-4941,2074,-15007,12936,0,0,0,0,0,1
345,179167,9373,-3261,-6118,2087,-14161,12072,0,0,0,0,0,1
346,179688,8798,-1743,-7058,2020,-12851,10830,0,0,0,0,0,1
347,180208,7882,-146,-7731,1877,-11126,9248,0,0,0,0,0,1
348,180729,6661,1451,-8113,1661,-9050,7391,0,0,0,0,0,1
349,181250,5187,2983,-8180,1380,-6703,5324,0,0,0,0,0,1
350,181771,3519,4413,-7923,1050,-4172,3124,0,0,0,0,0,1
351,182292,1705,5665,-7369,676,-1550,878,0,0,0,0,0,1
352,182812,-173,6698,-6531,275,1052,-1323,0,1,1,0,0,1
353,183333,-2039,7480,-5440,-133,3550,-3413,0,1,1,0,0,1
354,183854,-3827,7968,-4140,-544,5840,-5300,0,1,1,0,0,1
355,184375,-5466,8159,-2686,-928,7837,-6911,0,1,1,0,0,1
356,184896,-6900,8028,-1129,-1272,9469,-8197,0,1,1,0,0,1
357,185417,-8068,7589,474,-1570,10674,-9100,0,1,1,0,0,1
358,185938,-8925,6866,2063,-1807,11403,-9593,0,1,1,0,0,1
359,186458,-9434,5864,3564,-1978,11631,-9656,0,1,1,0,0,1
360,186979,-9594,4656,4934,-2077,11354,-9283,0,1,1,0,0,1
361,187500,-9376,3262,6116,-2089,10583,-8494,0,1,1,0,0,1
362,188021,-8798,1728,7059,-2021,9344,-7327,0,1,1,0,0,1
363,188542,-7884,148,7735,-1875,7690,-5813,0,1,1,0,0,1
364,189062,-6660,-1446,8112,-1661,5689,-4030,0,1,1,0,0,1
365,189583,-5187,-2986,8177,-1379,3407,-2026,0,1,1,0,0,1
366,190104,-3520,-4410,7924,-1048,946,99,0,1,1,0,0,1
367,190625,-1705,-5663,7364,-674,-1606,2279,0,1,1,0,0,1
368,191146,173,-6702,6534,-276,-4147,4419,0,1,1,0,0,1
369,191667,2037,-7485,5441,134,-6579,6441,0,1,1,0,0,1
370,192188,3827,-7966,4145,538,-8806,8266,0,1,1,0,0,1
371,192708,5467,-8157,2691,923,-10746,9819,0,1,1,0,0,1
372,193229,6905,-8030,1133,1268,-12316,11046,0,1,1,0,0,1
373,193750,8069,-7593,-469,1571,-13461,11889,0,1,1,0,0,1
374,194271,8923,-6868,-2062,1811,-14133,12324,0,1,1,0,0,1
375,194792,9442,-5869,-3567,1979,-14307,12328,0,1,1,0,0,1
376,195312,9590,-4653,-4943,2072,-13973,11906,0,1,1,0,0,1
377,195833,9371,-3261,-6119,2087,-13150,11060,0,1,1,0,0,1
378,196354,8798,-1739,-7062,2021,-11859,9840,0,1,1,0,0,1
379,196875,7877,-143,-7737,1877,-10150,8276,0,1,1,0,0,1
380,197396,6654,1450,-8111,1662,-8095,6437,0,1,1,0,0,1
381,197917,5192,2984,-8175,1380,-5765,4389,0,1,1,0,0,1
382,198438,3519,4414,-7922,1047,-3259,2211,0,1,1,0,0,1
383,198958,1706,5665,-7369,674,-660,-13,0,1,1,0,0,1
384,199479,-164,6705,-6531,275,1929,-2205,0,1,1,0,0,1
385,200000,-2035,7479,-5441,-140,4406,-4270,0,1,1,0,0,1
386,200521,-3827,7977,-4150,-541,6680,-6140,0,1,1,0,0,1
387,201042,-5470,8156,-2687,-921,8657,-7734,0,1,1,0,0,1
388,201562,-6903,8031,-1126,-1272,10275,-9004,0,1,1,0,0,1
389,202083,-8065,7592,471,-1572,11463,-9891,0,1,1,0,0,1
390,202604,-8927,6862,2063,-1811,12176,-10363,0,1,1,0,0,1
391,203125,-9443,5872,3570,-1976,12389,-10408,0,1,1,0,0,1
392,203646,-9590,4654,4939,-2074,12097,-10028,0,1,1,0,0,1
393,204167,-9374,3253,6115,-2087,11311,-9219,0,1,1,0,0,1
394,204688,-8791,1731,7064,-2023,10056,-8038,0,1,1,0,0,1
395,205208,-7877,146,7736,-1876,8389,-6511,0,1,1,0,0,1
396,205729,-6664,-1451,8106,-1661,6366,-4711,0,1,1,0,0,1
397,206250,-5185,-2986,8176,-1380,4077,-2697,0,1,1,0,0,1
398,206771,-3513,-4410,7923,-1047,1603,-556,0,1,1,0,0,1
399,207292,-1701,-5665,7362,-675,-963,1637,0,1,1,0,0,1
400,207812,167,-6707,6535,-272,-3519,3790,0,1,1,0,0,1
401,208333,2033,-7477,5447,137,-5963,5826,0,1,1,0,0,1
402,208854,3825,-7973,4143,537,-8204,7659,0,1,1,0,0,1
403,209375,5465,-8155,2689,924,-10150,9231,0,1,1,0,0,1
404,209896,6900,-8032,1130,1270,-11734,10465,0,1,1,0,0,1
405,210417,8069,-7592,-476,1569,-12889,11321,0,1,1,0,0,1
406,210938,8927,-6867,-2058,1809,-13578,11765,0,1,1,0,0,1
407,211458,9443,-5876,-3571,1980,-13764,11784,0,1,1,1,1,1
408,211979,9602,-4656,-4939,2074,-13442,11368,0,1,1,1,1,1
409,212500,9372,-3261,-6114,2091,-12629,10538,0,1,1,1,1,1
410,213021,8795,-1737,-7063,2027,-11345,9328,0,1,1,1,1,1
411,213542,7881,-150,-7734,1876,-9651,7771,0,1,1,1,1,1
412,214062,6657,1453,-8116,1658,-7605,5944,0,1,1,1,1,1
413,214583,5186,2990,-8182,1379,-5289,3908,0,1,1,1,1,1
414,215104,3514,4410,-7925,1046,-2791,1742,0,1,1,1,1,1
415,215625,1705,5666,-7370,672,-197,-475,0,1,1,1,1,1
416,216146,-168,6700,-6527,273,2381,-2654,0,1,1,1,1,1
417,216667,-2030,7485,-5444,-133,4846,-4711,0,1,1,1,1,1
418,217188,-3822,7972,-4149,-538,7112,-6569,0,1,1,1,1,1
419,217708,-5465,8162,-2688,-922,9084,-8158,0,1,1,1,1,1
420,218229,-6901,8027,-1128,-1271,10689,-9416,0,1,1,1,1,1
421,218750,-8067,7597,473,-1573,11869,-10297,0,1,1,1,1,1
422,219271,-8924,6860,2061,-1806,12576,-10764,0,1,1,1,1,1
423,219792,-9438,5875,3567,-1981,12778,-10800,0,1,1,1,1,1
424,220312,-9590,4654,4938,-2070,12478,-10405,0,1,1,1,1,1
425,220833,-9368,3257,6118,-2092,11683,-9597,0,1,1,1,1,1
426,221354,-8793,1736,7061,-2018,10424,-8405,0,1,1,1,1,1
427,221875,-7877,149,7735,-1877,8746,-6872,0,1,1,1,1,1
428,222396,-6664,-1440,8113,-1662,6720,-5059,0,1,1,1,1,1
429,222917,-5188,-2988,8173,-1383,4423,-3042,0,1,1,1,1,1
430,223438,-3512,-4407,7922,-1048,1938,-893,0,1,1,1,1,1
431,223958,-1709,-5671,7374,-673,-633,1303,0,1,1,1,1,1
432,224479,173,-6705,6531,-274,-3194,3470,0,1,1,1,1,1
433,225000,2037,-7474,5440,134,-5646,5509,0,1,1,1,1,1
434,225521,3826,-7973,4149,541,-7891,7353,0,1,1,1,1,1
435,226042,5472,-8157,2694,923,-9849,8927,0,1,1,1,1,1
436,226562,6897,-8026,1127,1272,-11437,10169,0,1,1,1,1,1
437,227083,8164,-8499,324,1571,-12596,11031,0,1,1,1,1,1
438,227604,9004,-7449,-1556,1691,-12271,10576,0,1,1,1,1,1
439,228125,9492,-6119,-3376,1775,-11903,10128,0,1,1,1,1,1
440,228646,9626,-4552,-5068,1815,-11509,9695,0,1,1,1,1,1
441,229167,9384,-2811,-6565,1812,-11091,9281,0,1,1,1,1,1
442,229688,8772,-953,-7816,1757,-10657,8896,0,1,1,1,1,1
443,230208,7835,925,-8762,1663,-10215,8548,0,1,1,1,1,1
444,230729,6592,2774,-9372,1532,-9771,8242,0,1,1,1,1,1
445,231250,5095,4524,-9622,1355,-9343,7983,0,1,1,1,1,1
446,231771,3404,6094,-9500,1165,-8930,7769,0,1,1,1,1,1
447,232292,1583,7435,-9018,942,-8546,7608,0,0,0,1,1,1
448,232812,-292,8487,-8180,702,-8195,7492,0,0,0,1,1,1
449,233333,-2171,9203,-7043,460,-7885,7425,0,0,0,1,1,1
450,233854,-3955,9573,-5622,217,-7618,7398,0,0,0,1,1,1
451,234375,-5592,9584,-3987,-9,-7404,7406,0,0,0,1,1,1
452,234896,-7017,9215,-2203,-215,-7229,7442,0,0,0,1,1,1
453,235417,-8160,8497,-330,-394,-7106,7499,0,0,0,1,1,1
454,235938,-8996,7448,1550,-538,-7031,7573,0,0,0,1,1,1
455,236458,-9493,6114,3375,-645,-7005,7648,0,0,0,1,1,1
456,236979,-9621,4548,5066,-710,-7005,7715,0,0,0,1,1,1
457,237500,-9376,2809,6569,-730,-7043,7770,0,0,0,1,1,1
458,238021,-8779,959,7813,-701,-7106,7806,0,0,0,1,1,1
459,238542,-7837,-927,8760,-624,-7179,7806,0,0,0,1,1,1
460,239062,-6592,-2777,9368,-515,-7264,7777,0,0,0,1,1,1
461,239583,-5098,-4526,9625,-364,-7341,7711,0,0,0,1,1,1
462,240104,-3404,-6093,9499,-187,-7405,7596,0,0,0,1,1,1
463,240625,-1583,-7428,9013,17,-7454,7439,0,0,0,1,1,1
464,241146,297,-8481,8185,235,-7479,7246,0,0,0,1,1,1
465,241667,2166,-9209,7035,456,-7464,7010,0,0,0,1,1,1
466,242188,3958,-9577,5622,676,-7416,6738,0,0,0,1,1,1
467,242708,5594,-9584,3988,883,-7323,6436,0,0,0,1,1,1
468,243229,7012,-9220,2205,1075,-7187,6114,0,0,0,1,1,1
469,243750,8162,-8497,332,1239,-7011,5777,0,0,0,1,1,1
470,244271,9004,-7451,-1545,1364,-6798,5430,0,0,0,1,1,1
471,244792,9494,-6117,-3377,1451,-6545,5091,0,0,0,0,1,1
472,245312,9621,-4553,-5072,1504,-6260,4757,0,0,0,0,1,1
473,245833,9380,-2807,-6563,1503,-5950,4445,0,0,0,0,1,1
474,246354,8774,-961,-7819,1461,-5620,4161,0,0,0,0,1,1
475,246875,7832,931,-8760,1374,-5285,3912,0,0,0,0,1,1
476,247396,6593,2778,-9372,1237,-4947,3700,0,0,0,0,1,1
477,247917,5091,4519,-9621,1077,-4613,3535,0,0,0,0,1,1
478,248438,3404,6092,-9499,884,-4300,3410,0,0,0,0,1,1
479,248958,1587,7425,-9015,668,-4010,3343,0,0,0,0,1,1
480,249479,-295,8482,-8180,438,-3750,3317,0,0,0,0,1,1
481,250000,-2165,9203,-7031,200,-3537,3334,0,0,0,0,1,1
482,250521,-3954,9574,-5621,-30,-3356,3388,0,0,0,0,1,1
483,251042,-5586,9579,-3987,-257,-3224,3482,0,0,0,0,1,1
484,251562,-7012,9216,-2201,-460,-3143,3604,0,0,0,0,1,1
485,252083,-8162,8501,-335,-634,-3103,3737,0,0,0,0,1,1
486,252604,-8999,7447,1554,-774,-3109,3887,0,0,0,0,1,1
487,253125,-9497,6123,3376,-877,-3161,4041,0,0,0,0,1,1
488,253646,-9625,4549,5069,-934,-3249,4181,0,0,0,0,1,1
489,254167,-9379,2805,6567,-951,-3358,4305,0,0,0,0,1,1
490,254688,-8778,961,7809,-917,-3500,4414,0,0,0,0,1,1
491,255208,-7835,-927,8761,-838,-3644,4487,0,0,0,0,1,1
492,255729,-6596,-2769,9365,-724,-3803,4525,0,0,0,0,1,1
493,256250,-5099,-4521,9619,-571,-3950,4522,0,0,0,0,1,1
494,256771,-3403,-6091,9500,-384,-4088,4476,0,0,0,0,1,1
495,257292,-1584,-7433,9016,-179,-4207,4386,0,0,0,0,1,1
496,257812,297,-8478,8182,41,-4295,4250,0,0,0,0,1,1
497,258333,2171,-9205,7030,271,-4352,4078,0,0,0,0,1,1
498,258854,3958,-9578,5623,491,-4358,3866,0,0,0,0,1,1
499,259375,5597,-9583,3995,707,-4335,3629,0,0,0,0,1,1
500,259896,7016,-9215,2203,897,-4264,3364,0,0,0,0,1,1
501,260417,8164,-8501,333,1065,-4145,3080,0,0,0,0,1,1
502,260938,9003,-7451,-1547,1195,-3991,2789,0,0,0,0,1,1
503,261458,9565,-6020,-3551,-4,0,-2,0,0,0,0,1,0
504,261979,9664,-4428,-5234,-4,-1,0,0,0,0,0,1,0
505,262500,9388,-2673,-6718,4,0,-3,0,0,0,0,1,0
506,263021,8745,-798,-7947,1,-3,-2,0,0,0,0,1,0
507,263542,7776,1092,-8865,-4,4,1,0,0,0,0,1,0
508,264062,6501,2946,-9455,0,-3,6,0,0,0,0,1,0
509,264583,4982,4688,-9667,3,1,2,0,0,0,0,1,0
510,265104,3267,6255,-9518,3,-1,-2,0,0,0,0,1,0
511,265625,1428,7570,-8996,0,1,1,0,0,0,0,1,0
512,266146,-460,8599,-8131,0,-1,3,0,0,0,0,1,0
513,266667,-2346,9294,-6961,1,-2,-2,0,0,0,0,1,0
514,267188,-4124,9638,-5514,-1,-1,3,0,0,0,0,1,0
515,267708,-5747,9606,-3859,2,-3,2,0,0,0,0,1,0
516,268229,-7160,9214,-2052,1,3,-4,0,0,0,0,1,0
517,268750,-8292,8463,-172,3,4,-1,0,0,0,0,1,0
518,269271,-9100,7381,1724,-1,-4,-2,0,0,0,0,1,0
519,269792,-9565,6023,3543,-1,-1,1,0,0,0,0,1,0
520,270312,-9661,4422,5237,3,0,-2,0,0,0,0,1,0
521,270833,-9386,2664,6723,0,0,4,0,0,0,0,1,0
522,271354,-8747,798,7946,2,3,0,0,0,0,0,1,0
523,271875,-7778,-1099,8867,1,0,0,0,0,0,0,1,0
524,272396,-6508,-2947,9448,3,0,-2,0,0,0,0,1,0
525,272917,-4980,-4689,9674,4,-3,-2,0,0,0,0,1,0
526,273438,-3269,-6251,9518,1,-1,0,0,0,0,0,1,0
527,273958,-1426,-7563,9004,1,-1,2,0,0,0,0,1,0
528,274479,467,-8591,8129,1,0,0,0,0,0,0,1,0
529,275000,2340,-9297,6955,2,1,2,0,0,0,0,1,0
530,275521,4129,-9638,5514,1,3,5,0,0,0,0,1,0
531,276042,5754,-9611,3852,5,-3,1,0,0,0,0,1,0
532,276562,7158,-9212,2055,2,1,3,0,0,0,0,1,0
533,277083,8294,-8453,170,1,3,2,0,0,0,0,1,0
534,277604,9106,-7382,-1722,2,2,1,0,0,0,0,1,0
535,278125,9564,-6024,-3546,1,3,1,0,0,0,0,1,0
536,278646,9661,-4429,-5233,-1,-1,1,0,0,0,0,1,0
537,279167,9385,-2665,-6720,-2,1,2,0,0,0,0,1,0
538,279688,8750,-804,-7946,-2,2,-1,0,0,0,0,1,0
539,280208,7773,1095,-8872,-2,1,2,0,0,0,0,1,0
540,280729,6502,2951,-9451,1,1,-4,0,0,0,0,1,0
541,281250,4984,4692,-9665,0,-3,4,0,0,0,0,1,0
542,281771,3268,6249,-9516,1,-2,-3,0,0,0,0,1,0
543,282292,1430,7572,-9001,1,-1,0,0,0,0,0,1,0
544,282812,-462,8599,-8138,1,0,-1,0,0,0,0,1,0
545,283333,-2340,9298,-6951,1,0,0,0,0,0,0,1,0
546,283854,-4125,9642,-5513,0,-1,1,0,0,0,0,1,0
547,284375,-5746,9604,-3858,0,3,-4,0,0,0,0,1,0
548,284896,-7159,9211,-2055,-2,-4,-2,0,0,0,0,1,0
549,285417,-8288,8463,-173,-3,2,-2,0,0,0,0,1,0
550,285938,-9100,7382,1721,-1,0,-1,0,0,0,0,1,0
551,286458,-9559,6025,3545,-1,0,4,0,0,0,0,1,0
552,286979,-9657,4426,5230,0,0,0,0,0,0,0,1,0
553,287500,-9386,2665,6722,0,2,-1,0,0,0,0,1,0
554,288021,-8748,800,7942,-2,2,2,0,0,0,0,1,0
555,288542,-7773,-1097,8872,1,0,3,0,0,0,0,1,0
556,289062,-6499,-2950,9447,0,0,1,0,0,0,0,1,0
557,289583,-4980,-4683,9662,-1,-1,0,0,0,0,0,1,0
558,290104,-3267,-6248,9515,0,0,-1,0,0,0,0,1,0
559,290625,-1430,-7570,9001,-3,-1,-2,0,0,0,0,1,0
560,291146,463,-8603,8134,-1,0,-1,0,0,0,0,1,0
561,291667,2337,-9292,6955,-3,-1,0,0,0,0,0,1,0
562,292188,4127,-9634,5517,1,-2,2,0,0,0,0,1,0
563,292708,5755,-9605,3853,0,-1,0,0,0,0,0,1,0
564,293229,7160,-9215,2052,-4,1,-1,0,0,0,0,1,0
565,293750,8292,-8461,169,3,2,1,0,0,0,0,1,0
566,294271,9099,-7380,-1722,2,-2,-1,0,0,0,0,1,0
567,294792,9569,-6021,-3540,3,2,-2,0,0,0,0,1,0
568,295312,9655,-4430,-5237,-1,-1,2,0,0,0,0,1,0
569,295833,9385,-2664,-6719,-3,0,-3,0,0,0,0,1,0
570,296354,8743,-802,-7950,1,-2,3,0,0,0,0,1,0
571,296875,7775,1100,-8870,1,-3,-2,0,0,0,0,1,0
572,297396,6502,2943,-9446,2,0,-4,0,0,0,0,1,0
573,297917,4980,4688,-9670,-2,0,-2,0,0,0,0,1,0
574,298438,3270,6249,-9513,3,0,1,0,0,0,0,1,0
575,298958,1424,7572,-9002,3,1,-1,0,0,0,0,1,0
576,299479,-465,8593,-8136,0,-3,1,0,0,0,0,1,0
577,300000,-2340,9301,-6959,-1,2,-2,0,0,0,0,1,0
578,300521,-4123,9637,-5515,-1,1,1,0,0,0,0,1,0
579,301042,-5754,9615,-3860,-1,1,0,0,0,0,0,1,0
580,301562,-7156,9215,-2052,-1,-2,-2,0,0,0,0,1,0
581,302083,-8296,8456,-165,0,1,2,0,0,0,0,1,0
582,302604,-9108,7378,1722,-3,-1,-1,0,0,0,0,1,0
583,303125,-9566,6015,3546,-5,-2,-1,0,0,0,0,1,0
584,303646,-9660,4428,5235,1,2,2,0,0,0,0,1,0
585,304167,-9379,2668,6717,0,-1,0,0,0,0,0,1,0
586,304688,-8746,799,7946,1,-3,-1,0,0,0,0,1,0
587,305208,-7774,-1096,8869,1,-1,-3,0,0,0,0,1,0
588,305729,-6503,-2950,9453,1,4,1,0,0,0,0,1,0
589,306250,-4980,-4696,9668,1,-1,3,0,0,0,0,1,0
590,306771,-3269,-6242,9519,-1,2,-1,0,0,0,0,1,0
591,307292,-1431,-7568,8996,0,0,-2,0,0,0,0,1,0
592,307812,464,-8600,8136,0,-2,3,0,0,0,0,1,0
593,308333,2341,-9295,6957,-2,2,-3,0,0,0,0,1,0
594,308854,4125,-9640,5516,0,-3,1,0,0,0,0,1,0
595,309375,5755,-9610,3853,-1,-2,3,0,0,0,0,1,0
596,309896,7162,-9210,2054,-3,-2,-1,0,0,0,0,1,0
597,310417,8293,-8458,173,0,0,-3,0,0,0,0,1,0
598,310938,9101,-7379,-1721,3,2,0,0,0,0,0,1,0
599,311458,9566,-6020,-3542,-2,2,1,0,0,0,0,1,0
600,311979,9667,-4423,-5230,-3,2,1,0,0,0,0,1,0
601,312500,9386,-2663,-6713,1,-2,-1,0,0,0,0,1,0
602,313021,8748,-799,-7947,1,-1,-3,0,0,0,0,1,0
603,313542,7773,1093,-8867,0,3,4,0,0,0,0,1,0
604,314062,6504,2947,-9457,0,-1,2,0,0,0,0,1,0
605,314583,4983,4688,-9666,-4,1,-5,0,0,0,0,1,0
606,315104,3270,6246,-9517,0,-2,-1,0,0,0,0,1,0
607,315625,1430,7568,-9001,0,3,3,0,0,0,0,1,0
608,316146,-470,8594,-8135,-1,-2,1,0,0,0,0,1,0
609,316667,-2339,9303,-6955,1,0,-2,0,0,0,0,1,0
610,317188,-4128,9639,-5508,0,-3,1,0,0,0,0,1,0
611,317708,-5756,9611,-3861,0,-3,-2,0,0,0,0,1,0
612,318229,-7159,9212,-2051,-1,1,-3,0,0,0,0,1,0
613,318750,-8289,8454,-167,-3,2,0,0,0,0,0,1,0
614,319271,-9102,7383,1721,2,-1,3,0,0,0,0,1,0
615,319792,-9560,6023,3539,-1,-2,-1,0,0,0,0,1,0
616,320312,-9666,4423,5237,2,2,2,0,0,0,0,1,0
617,320833,-9383,2664,6717,1,-1,0,0,0,0,0,1,0
618,321354,-8749,803,7948,4,2,0,0,0,0,0,1,0
619,321875,-7773,-1097,8872,0,1,3,0,0,0,0,1,0
620,322396,-6507,-2947,9455,1,3,3,0,0,0,0,1,0
621,322917,-4981,-4690,9667,0,2,1,0,0,0,0,1,0
622,323438,-3264,-6245,9525,0,-3,-4,0,0,0,0,1,0
623,323958,-1436,-7569,8996,0,-1,-2,0,0,0,0,1,0
624,324479,467,-8596,8133,0,-1,-2,0,0,0,0,1,0
625,325000,2340,-9295,6962,3,-3,1,0,0,0,0,1,0
626,325521,4129,-9636,5514,-1,1,4,0,0,0,0,1,0
627,326042,5757,-9607,3861,-3,1,1,0,0,0,0,1,0
628,326562,7159,-9212,2053,1,1,1,0,0,0,0,1,0
629,327083,8287,-8453,173,0,5,-1,0,0,0,0,1,0
630,327604,9100,-7380,-1719,-2,5,0,0,0,0,0,1,0
631,328125,9571,-6020,-3549,0,1,-2,0,0,0,0,1,0
632,328646,9660,-4432,-5233,-3,3,0,0,0,0,0,1,0
633,329167,9383,-2668,-6724,1,-2,2,0,0,0,0,1,0
634,329688,8743,-801,-7949,-3,-1,1,0,0,0,0,1,0
635,330208,7775,1096,-8873,-2,1,2,0,0,0,0,1,0
636,330729,6506,2947,-9450,0,1,-3,0,0,0,0,1,0
637,331250,4984,4689,-9669,1,-1,-1,0,0,0,0,1,0
638,331771,3267,6249,-9519,-1,0,1,0,0,0,0,1,0
639,332292,1430,7570,-9001,0,2,-2,0,0,0,0,1,0
640,332812,-466,8598,-8136,3,1,1,0,0,0,0,1,0
