TENURE11-GCLOG-V1
1;m;112;8192;14048;0;0;0;14048;607
2;m;232;8176;21808;11;0;0;35856;870
3;m;349;8176;21184;23;0;0;57040;875
4;m;462;8168;21736;17;0;0;78776;880
5;m;582;8192;21960;17;0;0;100736;888
6;M;699;0;0;0;65920;94;65920;2257
7;m;699;8176;21488;17;0;0;87456;872
8;m;812;8192;21952;16;0;0;109504;886
9;M;932;0;0;0;69344;115;69344;2374
10;m;932;8192;22176;17;0;0;91592;895
11;m;1052;8192;21600;17;0;0;113304;877
12;M;1172;0;0;0;73424;120;73424;2504
13;m;1172;8160;22192;16;0;0;95744;892
14;m;1292;8192;21776;17;0;0;117688;882
15;M;1410;0;0;0;76384;120;76384;2597
16;m;1410;8176;22272;16;0;0;98832;895
17;M;1532;0;0;0;57096;341;57096;2104
18;m;1532;8176;20464;17;0;0;77616;840
19;m;1649;8176;21184;16;0;0;98976;861
20;M;1762;0;0;0;58848;115;58848;2046
21;m;1762;8176;21704;16;0;0;80624;877
22;m;1882;8192;21968;17;0;0;102736;888
23;M;1999;0;0;0;63232;120;63232;2186
24;m;1999;8192;21472;17;0;0;84832;873
25;m;2112;8168;22040;16;0;0;107064;887
26;M;2232;0;0;0;66784;115;66784;2294
27;m;2232;8192;22152;17;0;0;89160;894
28;m;2352;8192;21600;17;0;0;110864;877
29;M;2472;0;0;0;70896;120;70896;2425
30;m;2472;8160;22192;16;0;0;93128;892
31;m;2592;8176;21792;17;0;0;115152;882
32;M;2710;0;0;0;73648;120;73648;2511
33;m;2710;8176;22256;16;0;0;96072;894
34;m;2832;8176;21904;17;0;0;118112;885
35;M;2949;0;0;0;77728;120;77728;2639
36;m;2949;8176;21184;16;0;0;99032;861
37;M;3062;0;0;0;56672;343;56672;2092
38;m;3062;8152;20792;16;0;0;77608;848
39;m;3182;8192;21944;17;0;0;99688;887
40;M;3299;0;0;0;60136;120;60136;2089
41;m;3299;8176;21488;17;0;0;81816;872
42;m;3412;8144;22024;16;0;0;104000;887
43;M;3532;0;0;0;63648;115;63648;2196
44;m;3532;8176;22144;17;0;0;85936;893
45;m;3652;8128;21648;17;0;0;107816;877
46;M;3772;0;0;0;67784;120;67784;2328
47;m;3772;8160;22128;17;0;0;90056;892
48;m;3892;8192;21776;17;0;0;112032;882
49;M;4011;0;0;0;69776;123;69776;2391
50;m;4011;8192;21704;16;0;0;91608;878
51;m;4191;8160;21008;17;0;0;112832;857
52;M;4367;0;0;0;54160;196;54160;1940
53;m;4367;8144;20272;17;0;0;74496;834
54;m;4553;8184;17416;16;0;0;92024;743
55;m;4731;8144;19608;16;0;0;111816;811
56;M;4911;0;0;0;37120;465;37120;1542
57;m;4911;8152;20056;16;0;0;57192;825
58;m;5089;8144;20248;17;0;0;77544;833
59;m;5262;8152;20512;16;0;0;98136;840
60;m;5449;8168;20024;16;0;0;118176;824
61;M;5631;0;0;0;49744;256;49744;1832
62;m;5631;8160;19896;16;0;0;69648;820
63;m;5811;8136;20168;16;0;0;89856;829
64;m;5991;8168;19376;17;0;0;109280;806
65;M;6162;0;0;0;33344;487;33344;1435
66;m;6162;8128;20392;16;0;0;53744;836
67;m;6346;8176;20128;17;0;0;73912;830
68;m;6526;8160;20104;16;0;0;94048;827
69;m;6701;8168;19712;16;0;0;113760;815
70;M;6881;0;0;0;46232;258;46232;1723
71;m;6881;8184;19808;16;0;0;66040;818
72;m;7061;8168;20032;17;0;0;86088;827
73;m;7241;8136;20224;17;0;0;106368;833
74;M;7421;0;0;0;54424;192;54424;1946
75;m;7421;8168;19424;17;0;0;73928;808
76;m;7591;8192;17936;16;0;0;91912;760
77;m;7771;8152;20344;16;0;0;112256;834
78;M;7949;0;0;0;38376;473;38376;1585
79;m;7949;8152;20336;17;0;0;58712;836
80;m;8123;8192;20432;17;0;0;79152;840
81;m;8308;8192;20104;16;0;0;99256;828
82;M;8491;0;0;0;48400;192;48400;1758
83;m;8491;8168;19928;16;0;0;68344;821
84;m;8668;8144;20296;16;0;0;88648;833
85;m;8851;8168;19560;16;0;0;108224;810
86;M;9023;0;0;0;33336;461;33336;1421
87;m;9023;8184;17936;16;0;0;51272;759
88;m;9206;8184;20248;17;0;0;71560;833
89;m;9386;8160;20112;16;0;0;91672;827
90;m;9562;8136;20384;16;0;0;112080;836
91;M;9751;0;0;0;44576;258;44576;1672
92;m;9751;8120;19888;16;0;0;64464;819
93;m;9931;8160;19704;16;0;0;84184;814
94;m;10111;8168;20152;16;0;0;104368;828
95;M;10289;0;0;0;52472;190;52472;1884
96;m;10289;8152;20352;17;0;0;72840;837
97;m;10463;8192;20432;17;0;0;93296;840
98;m;10648;8192;19264;16;0;0;112568;802
99;M;10831;0;0;0;37336;482;37336;1557
100;m;10831;8184;19912;16;0;0;57248;821
101;m;11008;8144;20312;16;0;0;77576;833
102;m;11191;8168;19560;16;0;0;97160;810
103;m;11363;8176;20544;16;0;0;117744;841
104;M;11546;0;0;0;48544;258;48544;1796
105;m;11546;8184;20240;17;0;0;68800;833
106;m;11726;8160;20112;16;0;0;88928;827
107;m;11902;8144;20376;16;0;0;109344;835
108;M;12091;0;0;0;35216;471;35216;1485
109;m;12091;8176;18080;16;0;0;53336;764
110;m;12271;8160;19760;16;0;0;73136;816
111;m;12451;8152;20168;16;0;0;93336;829
112;m;12629;8152;20336;17;0;0;113688;836
113;M;12803;0;0;0;44256;254;44256;1660
114;m;12803;8192;20432;17;0;0;64688;840
115;m;12988;8192;20104;16;0;0;84808;828
116;m;13171;8168;19928;16;0;0;104768;821
117;M;13348;0;0;0;54296;192;54296;1942
118;m;13348;8176;20264;16;0;0;74624;832
119;m;13531;8168;16904;16;0;0;91584;727
120;m;13703;8184;20536;16;0;0;112168;840
121;M;13886;0;0;0;37392;462;37392;1549
122;m;13886;8184;20248;17;0;0;57640;833
123;m;14066;8144;20128;16;0;0;77768;828
124;m;14242;8144;20360;16;0;0;98168;835
125;m;14431;8120;19896;16;0;0;118088;819
126;M;14611;0;0;0;48760;256;48760;1801
127;m;14611;8168;19696;16;0;0;68504;814
128;m;14791;8152;20176;16;0;0;88696;829
129;m;14969;8152;20336;17;0;0;109096;836
130;M;15143;0;0;0;33696;483;33696;1444
131;m;15143;8192;19848;17;0;0;53576;822
132;m;15328;8128;20168;16;0;0;73744;829
133;m;15511;8168;19864;16;0;0;93624;819
134;m;15688;8144;20296;16;0;0;113928;833
135;M;15871;0;0;0;45064;258;45064;1687
136;m;15871;8176;19552;16;0;0;64632;810
137;m;16014;8184;20760;16;0;0;85448;847
138;m;16080;8160;22984;17;0;0;108536;919
139;M;16144;0;0;0;56800;170;56800;2010
140;m;16144;8152;22992;17;0;0;79808;919
141;m;16210;8184;22952;16;0;0;102864;916
142;M;16274;0;0;0;69952;100;69952;2386
143;m;16274;8144;23048;17;0;0;93144;921
144;m;16340;8176;22904;17;0;0;116208;916
145;M;16404;0;0;0;76632;122;76632;2605
146;m;16404;8168;23040;16;0;0;99840;919
147;M;16470;0;0;0;77728;65;77728;2611
148;m;16470;8184;22944;17;0;0;100784;918
149;M;16534;0;0;0;54832;357;54832;2041
150;m;16534;8176;22416;16;0;0;77328;899
151;m;16600;8184;22976;17;0;0;100448;919
152;M;16664;0;0;0;56176;130;56176;1970
153;m;16664;8144;23048;17;0;0;79288;921
154;m;16730;8192;22888;17;0;0;102304;917
155;M;16794;0;0;0;58056;130;58056;2029
156;m;16794;8184;23040;17;0;0;81208;921
157;m;16860;8160;22984;16;0;0;104416;917
158;M;16924;0;0;0;60208;130;60208;2096
159;m;16924;8176;22968;17;0;0;83328;918
160;m;16990;8184;22976;17;0;0;106464;919
161;M;17054;0;0;0;62240;130;62240;2160
162;m;17054;8144;23048;17;0;0;85456;921
163;m;17120;8192;22888;17;0;0;108536;917
164;M;17184;0;0;0;64288;130;64288;2224
165;m;17184;8168;23056;16;0;0;87456;919
166;m;17250;8144;22984;17;0;0;110576;919
167;M;17314;0;0;0;66280;130;66280;2286
168;m;17314;8176;22952;17;0;0;89352;918
169;m;17380;8184;22976;17;0;0;112520;919
170;M;17444;0;0;0;68216;130;68216;2346
171;m;17444;8192;23000;17;0;0;91368;920
172;m;17510;8192;22936;16;0;0;114520;916
173;M;17574;0;0;0;70312;130;70312;2412
174;m;17574;8152;23072;17;0;0;93536;922
175;m;17640;8160;22952;16;0;0;116792;916
176;M;17704;0;0;0;72440;130;72440;2478
177;m;17704;8176;22968;17;0;0;95600;918
178;m;17770;8144;23016;17;0;0;118816;920
179;M;17834;0;0;0;74536;130;74536;2544
180;m;17834;8144;23008;16;0;0;97624;918
181;m;17900;8144;22936;17;0;0;120688;917
182;M;17964;0;0;0;76400;130;76400;2602
183;m;17964;8168;23008;16;0;0;99544;918
184;M;18030;0;0;0;54832;356;54832;2041
185;m;18030;8160;22304;17;0;0;77208;898
186;m;18094;8168;22976;17;0;0;100376;919
187;M;18160;0;0;0;56104;130;56104;1968
188;m;18160;8184;22968;16;0;0;79264;916
189;m;18224;8176;23016;17;0;0;102480;920
190;M;18290;0;0;0;58224;130;58224;2034
191;m;18290;8192;22920;16;0;0;81256;916
192;m;18354;8168;23056;17;0;0;104536;921
193;M;18420;0;0;0;60224;130;60224;2097
194;m;18420;8144;22984;17;0;0;83368;919
195;m;18484;8176;22952;16;0;0;106440;916
196;M;18550;0;0;0;62160;130;62160;2157
197;m;18550;8152;23008;17;0;0;85312;920
198;m;18614;8144;23016;16;0;0;108560;918
199;M;18680;0;0;0;64248;130;64248;2222
200;m;18680;8192;22888;17;0;0;87272;917
201;m;18744;8168;23056;17;0;0;110560;921
202;M;18810;0;0;0;66376;130;66376;2289
203;m;18810;8160;22968;17;0;0;89520;918
204;m;18874;8192;22952;17;0;0;112640;919
205;M;18940;0;0;0;68408;130;68408;2352
206;m;18940;8184;22992;16;0;0;91472;917
207;m;19004;8144;23048;17;0;0;114728;921
208;M;19070;0;0;0;70448;130;70448;2416
209;m;19070;8192;22888;17;0;0;93448;917
210;m;19134;8168;23056;17;0;0;116800;921
211;M;19200;0;0;0;72616;130;72616;2484
212;m;19200;8160;22968;17;0;0;95712;918
213;m;19264;8176;22968;16;0;0;118904;916
214;M;19330;0;0;0;74712;130;74712;2549
215;m;19330;8168;22992;17;0;0;97856;919
216;m;19394;8144;23032;17;0;0;121008;920
217;M;19460;0;0;0;76656;130;76656;2610
218;m;19460;8192;22888;17;0;0;99592;917
219;M;19524;0;0;0;54656;355;54656;2035
220;m;19524;8168;22336;17;0;0;77080;899
221;m;19590;8160;22968;16;0;0;100200;916
222;M;19654;0;0;0;55936;130;55936;1963
223;m;19654;8160;22984;17;0;0;79080;919
224;m;19720;8184;22960;16;0;0;102200;916
225;M;19784;0;0;0;57984;130;57984;2027
226;m;19784;8144;23048;17;0;0;81240;921
227;m;19850;8152;22928;17;0;0;104296;917
228;M;19914;0;0;0;60104;130;60104;2093
229;m;19914;8168;23016;16;0;0;83264;918
230;m;19980;8168;22960;17;0;0;106344;918
231;M;20044;0;0;0;62088;130;62088;2155
232;m;20044;8176;22976;16;0;0;85152;917
233;m;20110;8184;22976;17;0;0;108232;919
234;M;20174;0;0;0;63984;130;63984;2214
235;m;20174;8192;23000;17;0;0;87104;920
236;m;20240;8192;22936;16;0;0;110192;916
237;M;20304;0;0;0;65984;130;65984;2277
238;m;20304;8168;23056;17;0;0;89144;921
239;m;20370;8160;22968;17;0;0;112352;918
240;M;20434;0;0;0;68048;130;68048;2341
241;m;20434;8176;22968;17;0;0;91248;918
242;m;20500;8168;22992;17;0;0;114480;919
243;M;20564;0;0;0;70240;130;70240;2410
244;m;20564;8144;23032;16;0;0;93336;918
245;m;20630;8160;22920;17;0;0;116432;917
246;M;20694;0;0;0;72112;130;72112;2468
247;m;20694;8168;23024;16;0;0;95208;918
248;m;20760;8160;22968;17;0;0;118488;918
249;M;20824;0;0;0;74232;130;74232;2534
250;m;20824;8176;22968;17;0;0;97384;918
251;m;20890;8184;22976;17;0;0;120560;919
252;M;20954;0;0;0;76264;130;76264;2598
253;m;20954;8160;23032;17;0;0;99400;920
254;m;21020;8192;22096;16;0;0;121712;890
255;M;21084;0;0;0;54976;419;54976;2077
256;m;21084;8168;23056;17;0;0;78168;921
257;m;21150;8160;22968;17;0;0;101432;918
258;M;21214;0;0;0;57152;130;57152;2001
259;m;21214;8176;22968;17;0;0;80280;918
260;m;21280;8184;22976;17;0;0;103496;919
261;M;21344;0;0;0;59192;130;59192;2064
262;m;21344;8144;23048;16;0;0;82400;919
263;m;21410;8176;22904;17;0;0;105568;916
264;M;21474;0;0;0;61264;130;61264;2129
265;m;21474;8168;23040;17;0;0;84464;921
266;m;21540;8160;22968;17;0;0;107648;918
267;M;21604;0;0;0;63304;130;63304;2193
268;m;21604;8168;22976;17;0;0;86432;919
269;m;21670;8184;22968;16;0;0;109584;916
270;M;21734;0;0;0;65288;130;65288;2255
271;m;21734;8184;23008;17;0;0;88424;920
272;m;21800;8192;22928;16;0;0;111552;916
273;M;21864;0;0;0;67304;130;67304;2318
274;m;21864;8168;23056;17;0;0;90440;921
275;m;21930;8176;22952;17;0;0;113640;918
276;M;21994;0;0;0;69280;130;69280;2380
277;m;21994;8176;22984;16;0;0;92384;917
278;m;22409;8144;10048;17;0;0;102544;515
279;M;22848;0;0;0;51280;351;51280;1927
280;m;22848;8144;2536;17;0;0;54080;280
281;m;23286;8120;3872;16;0;0;57992;319
282;m;23725;8184;3784;16;0;0;61800;317
283;m;24164;7616;0;16;0;0;61800;191
284;m;24602;8160;3256;16;0;0;65056;300
285;m;25040;8120;3960;16;0;0;69072;321
286;m;25478;8120;3872;16;0;0;73040;319
287;m;25917;8184;1672;16;0;0;74720;251
