1,0,-1066,8619,-7552,-118,1727,-1608,0,0,0,0,0,1
2,521,-2867,9176,-6308,-491,1860,-1371,0,0,0,0,0,1
3,1042,-4556,9393,-4833,-846,1925,-1086,0,0,0,0,0,1
4,1562,-6081,9251,-3173,-1164,1913,-746,0,0,0,0,0,1
5,2083,-7354,8742,-1384,-1446,1830,-383,0,0,0,0,0,1
6,2604,-8358,7899,458,-1666,1677,-8,0,0,0,0,0,1
7,3125,-9036,6758,2279,-1824,1455,367,0,0,0,0,0,1
8,3646,-9365,5351,4018,-1914,1180,727,0,0,0,0,0,1
9,4167,-9335,3739,5592,-1926,861,1067,0,0,0,0,0,1
10,4688,-8945,1993,6960,-1865,510,1358,0,0,0,0,0,1
11,5208,-8211,157,8058,-1737,140,1595,0,0,0,0,0,1
12,5729,-7167,-1673,8846,-1537,-244,1777,0,0,0,0,0,1
13,6250,-5846,-3451,9297,-1281,-606,1893,0,0,0,0,0,1
14,6771,-4295,-5088,9387,-976,-959,1930,0,0,0,0,0,1
15,7292,-2582,-6532,9117,-631,-1264,1896,0,0,0,0,0,1
16,7812,-776,-7728,8496,-262,-1525,1785,0,0,0,0,0,1
17,8333,1067,-8624,7550,116,-1724,1609,0,0,0,0,0,1
18,8854,2868,-9183,6320,493,-1859,1370,0,0,0,0,0,1
19,9375,4559,-9393,4833,847,-1921,1079,0,0,0,0,0,1
20,9896,6071,-9243,3168,1164,-1915,750,0,0,0,0,0,1
21,10417,7359,-8738,1383,1444,-1829,385,0,0,0,0,0,1
22,10938,8354,-7896,-456,1668,-1673,5,0,0,0,0,0,1
23,11458,9036,-6755,-2279,1823,-1455,-366,0,0,0,0,0,1
24,11979,9367,-5348,-4013,1913,-1181,-729,0,0,0,0,0,1
25,12500,9336,-3744,-5594,1925,-862,-1067,0,0,0,0,0,1
26,13021,8950,-1991,-6955,1864,-513,-1355,0,0,0,0,0,1
27,13542,8221,-156,-8057,1734,-141,-1598,0,0,0,0,0,1
28,14062,7164,1677,-8848,1535,242,-1775,0,0,0,0,0,1
29,14583,5845,3448,-9294,1280,611,-1889,0,0,0,0,0,1
30,15104,4299,5089,-9393,972,955,-1930,0,0,0,0,0,1
31,15625,2582,6529,-9118,626,1265,-1893,0,0,0,0,0,1
32,16146,773,7722,-8496,263,1522,-1783,0,0,0,0,0,1
33,16667,-1064,8615,-7547,-117,1725,-1609,0,0,0,0,0,1
34,17188,-2871,9188,-6311,-487,1860,-1369,0,0,0,0,0,1
35,17708,-4561,9392,-4842,-845,1923,-1082,0,0,0,0,0,1
36,18229,-6074,9246,-3170,-1166,1917,-744,0,0,0,0,0,1
37,18750,-7352,8740,-1383,-1450,1831,-386,0,0,0,0,0,1
38,19271,-8357,7902,457,-1665,1674,-15,0,0,0,0,0,1
39,19792,-9031,6755,2279,-1825,1456,362,0,0,0,0,0,1
40,20312,-9358,5354,4009,-1914,1182,724,0,0,0,0,0,1
41,20833,-9334,3741,5592,-1923,861,1063,0,0,0,0,0,1
42,21354,-8943,1987,6961,-1863,508,1358,0,0,0,0,0,1
43,21875,-8219,154,8055,-1734,137,1602,0,0,0,0,0,1
44,22396,-7164,-1678,8849,-1537,-240,1776,0,0,0,0,0,1
45,22917,-5847,-3448,9295,-1277,-612,1889,0,0,0,0,0,1
46,23438,-4298,-5088,9388,-972,-954,1932,0,0,0,0,0,1
47,23958,-2583,-6536,9119,-634,-1265,1896,0,0,0,0,0,1
48,24479,-772,-7724,8496,-260,-1526,1789,0,0,0,0,0,1
49,25000,1066,-8622,7553,117,-1726,1612,0,0,0,0,0,1
50,25521,2865,-9189,6310,489,-1861,1371,0,0,0,0,0,1
51,26042,4555,-9400,4829,843,-1924,1084,0,0,0,0,0,1
52,26562,6075,-9240,3175,1163,-1917,746,0,0,0,0,0,1
53,27083,7353,-8738,1381,1444,-1832,386,0,0,0,0,0,1
54,27604,8355,-7897,-456,1664,-1675,10,0,0,0,0,0,1
55,28125,9034,-6756,-2278,1823,-1457,-372,0,0,0,0,0,1
56,28646,9368,-5349,-4014,1912,-1183,-730,0,0,0,0,0,1
57,29167,9333,-3742,-5591,1929,-861,-1067,0,0,0,0,0,1
58,29688,8949,-1988,-6955,1868,-507,-1356,0,0,0,0,0,1
59,30208,8213,-164,-8053,1736,-136,-1599,0,0,0,0,0,1
60,30729,7169,1679,-8847,1535,243,-1779,0,0,0,0,0,1
61,31250,5847,3448,-9296,1279,614,-1894,0,0,0,0,0,1
62,31771,4295,5092,-9390,975,954,-1929,0,0,0,0,0,1
63,32292,2586,6535,-9117,627,1264,-1897,0,0,0,0,0,1
64,32812,771,7729,-8495,260,1526,-1786,0,0,0,0,0,1
65,33333,-1069,8625,-7549,-120,1726,-1610,0,0,0,0,0,1
66,33854,-2866,9180,-6311,-488,1859,-1370,0,0,0,0,0,1
67,34375,-4558,9395,-4834,-843,1925,-1081,0,0,0,0,0,1
68,34896,-6074,9250,-3169,-1167,1911,-750,0,0,0,0,0,1
69,35417,-7358,8743,-1384,-1444,1833,-382,0,0,0,0,0,1
70,35938,-8354,7901,458,-1667,1675,-5,0,0,0,0,0,1
71,36458,-9030,6759,2278,-1823,1457,368,0,0,0,0,0,1
72,36979,-9361,5349,4011,-1911,1180,726,0,0,0,0,0,1
73,37500,-9337,3739,5595,-1926,861,1063,0,0,0,0,0,1
74,38021,-8947,1983,6959,-1865,511,1359,0,0,0,0,0,1
75,38542,-8217,159,8060,-1737,138,1597,0,0,0,0,0,1
76,39062,-7168,-1680,8845,-1536,-244,1778,0,0,0,0,0,1
77,39583,-5841,-3446,9290,-1279,-609,1891,0,0,0,0,0,1
78,40104,-4293,-5086,9385,-972,-956,1930,0,0,0,0,0,1
79,40625,-2585,-6534,9117,-630,-1267,1896,0,0,0,0,0,1
80,41146,-774,-7731,8494,-262,-1520,1782,0,0,0,0,0,1
81,41667,1069,-8620,7549,120,-1723,1606,0,0,0,0,0,1
82,42188,2867,-9187,6315,491,-1866,1371,0,0,0,0,0,1
83,42708,4556,-9394,4838,846,-1924,1077,0,0,0,0,0,1
84,43229,6073,-9242,3163,1166,-1908,747,0,0,0,0,0,1
85,43750,7361,-8736,1387,1443,-1831,385,0,0,0,0,0,1
86,44271,8361,-7899,-458,1663,-1674,9,0,0,0,0,0,1
87,44792,9032,-6757,-2275,1817,-1453,-367,0,0,0,0,0,1
88,45312,9368,-5349,-4009,1912,-1181,-729,0,0,0,0,0,1
89,45833,9331,-3747,-5602,1924,-862,-1062,0,0,0,0,0,1
90,46354,8946,-1987,-6961,1864,-505,-1356,0,0,0,0,0,1
91,46875,8215,-158,-8059,1732,-133,-1595,0,0,0,0,0,1
92,47396,7171,1679,-8853,1534,242,-1778,0,0,0,0,0,1
93,47917,5841,3451,-9296,1284,610,-1887,0,0,0,0,0,1
94,48438,4300,5092,-9385,976,957,-1929,0,0,0,0,0,1
95,48958,2587,6531,-9121,631,1265,-1895,0,0,0,0,0,1
96,49479,771,7722,-8495,262,1527,-1789,0,0,0,0,0,1
97,50000,-1070,8618,-7556,-119,1727,-1611,0,0,0,0,0,1
98,50521,-2868,9185,-6316,-491,1863,-1371,0,0,0,0,0,1
99,51042,-4559,9395,-4836,-843,1926,-1081,0,0,0,0,0,1
100,51562,-6075,9251,-3170,-1163,1914,-748,0,0,0,0,0,1
101,52083,-7362,8738,-1387,-1443,1830,-387,0,0,0,0,0,1
102,52604,-8355,7899,454,-1667,1676,-11,0,0,0,0,0,1
103,53125,-9033,6755,2279,-1825,1459,365,0,0,0,0,0,1
104,53646,-9368,5352,4012,-1910,1181,728,0,0,0,0,0,1
105,54167,-9336,3737,5591,-1926,862,1066,0,0,0,0,0,1
106,54688,-8948,1988,6956,-1864,509,1361,0,0,0,0,0,1
107,55208,-8219,151,8057,-1733,136,1599,0,0,0,0,0,1
108,55729,-7169,-1675,8850,-1538,-242,1777,0,0,0,0,0,1
109,56250,-5847,-3454,9293,-1279,-612,1894,0,0,0,0,0,1
110,56771,-4291,-5090,9386,-969,-958,1929,0,0,0,0,0,1
111,57292,-2585,-6537,9116,-629,-1263,1892,0,0,0,0,0,1
112,57812,-772,-7725,8503,-263,-1522,1783,0,0,0,0,0,1
113,58333,1069,-8621,7557,115,-1727,1611,0,0,0,0,0,1
114,58854,2870,-9186,6316,490,-1861,1373,0,0,0,0,0,1
115,59375,4557,-9401,4833,845,-1926,1082,0,0,0,0,0,1
116,59896,6072,-9246,3165,1165,-1916,745,0,0,0,0,0,1
117,60417,7352,-8745,1379,1448,-1832,386,0,0,0,0,0,1
118,60938,8362,-7899,-454,1667,-1675,13,0,0,0,0,0,1
119,61458,9035,-6755,-2276,1825,-1454,-362,0,0,0,0,0,1
120,61979,9365,-5353,-4017,1909,-1182,-730,0,0,0,0,0,1
121,62500,9334,-3742,-5590,1927,-863,-1060,0,0,0,0,0,1
122,63021,8945,-1986,-6958,1866,-511,-1357,0,0,0,0,0,1
123,63542,8207,-154,-8056,1732,-135,-1599,0,0,0,0,0,1
124,64062,7169,1683,-8841,1535,243,-1776,0,0,0,0,0,1
125,64583,5849,3446,-9296,1282,609,-1891,0,0,0,0,0,1
126,65104,4296,5091,-9384,972,956,-1928,0,0,0,0,0,1
127,65625,2587,6530,-9111,627,1262,-1896,0,0,0,0,0,1
128,66146,776,7724,-8500,264,1522,-1786,0,0,0,0,0,1
129,66667,-1066,8626,-7545,-117,1727,-1609,0,0,0,0,0,1
130,67188,-2868,9181,-6320,-492,1860,-1371,0,0,0,0,0,1
131,67708,-4558,9392,-4833,-844,1925,-1082,0,0,0,0,0,1
132,68229,-6075,9246,-3167,-1165,1911,-748,0,0,0,0,0,1
133,68750,-7362,8743,-1382,-1444,1829,-389,0,0,0,0,0,1
134,69271,-8354,7899,457,-1663,1675,-9,0,0,0,0,0,1
135,69792,-9034,6753,2280,-1822,1459,367,0,0,0,0,0,1
136,70312,-9365,5351,4016,-1913,1183,731,0,0,0,0,0,1
137,70833,-9337,3746,5591,-1928,863,1062,0,0,0,0,0,1
138,71354,-8950,1984,6962,-1868,508,1357,0,0,0,0,0,1
139,71875,-8218,161,8057,-1735,135,1597,0,0,0,0,0,1
140,72396,-7169,-1675,8844,-1542,-239,1780,0,0,0,0,0,1
141,72917,-5847,-3447,9292,-1279,-614,1892,0,0,0,0,0,1
142,73438,-4294,-5091,9385,-973,-958,1928,0,0,0,0,0,1
143,73958,-2584,-6532,9115,-633,-1265,1895,0,0,0,0,0,1
144,74479,-773,-7721,8494,-263,-1524,1786,0,0,0,0,0,1
145,75000,1069,-8623,7553,117,-1726,1610,0,0,0,0,0,1
146,75521,2864,-9184,6313,492,-1859,1367,0,0,0,0,0,1
147,76042,4561,-9397,4835,847,-1925,1079,0,0,0,0,0,1
148,76562,6076,-9247,3171,1166,-1912,746,0,0,0,0,0,1
149,77083,7360,-8746,1388,1445,-1832,387,0,0,0,0,0,1
150,77604,8363,-7900,-458,1666,-1675,11,0,0,0,0,0,1
151,78125,9041,-6755,-2283,1822,-1462,-369,0,0,0,0,0,1
152,78646,9365,-5352,-4015,1910,-1180,-730,0,0,0,0,0,1
153,79167,9338,-3740,-5595,1928,-860,-1068,0,0,0,0,0,1
154,79688,8940,-1985,-6960,1867,-509,-1358,0,0,0,0,0,1
155,80208,8221,-155,-8060,1738,-134,-1596,0,0,0,0,0,1
156,80729,7172,1681,-8845,1536,242,-1775,0,0,0,0,0,1
157,81250,5844,3454,-9296,1277,609,-1890,0,0,0,0,0,1
158,81771,4296,5085,-9385,970,958,-1928,0,0,0,0,0,1
159,82292,2589,6533,-9112,628,1264,-1891,0,0,0,0,0,1
160,82812,774,7720,-8497,261,1521,-1786,0,0,0,0,0,1
161,83333,-1074,8620,-7549,-118,1724,-1613,0,0,0,0,0,1
162,83854,-2868,9186,-6314,-491,1862,-1372,0,0,0,0,0,1
163,84375,-4564,9396,-4834,-842,1922,-1082,0,0,0,0,0,1
164,84896,-6081,9246,-3169,-1170,1911,-747,0,0,0,0,0,1
165,85417,-7360,8737,-1386,-1441,1828,-386,0,0,0,0,0,1
166,85938,-8356,7901,458,-1662,1678,-10,0,0,0,0,0,1
167,86458,-9034,6754,2285,-1824,1460,368,0,0,0,0,0,1
168,86979,-9358,5354,4015,-1914,1179,730,0,0,0,0,0,1
169,87500,-9331,3745,5596,-1927,862,1061,0,0,0,0,0,1
170,88021,-8942,1991,6957,-1865,508,1360,0,0,0,0,0,1
171,88542,-8209,163,8062,-1734,135,1598,0,0,0,0,0,1
172,89062,-7171,-1679,8848,-1538,-237,1776,0,0,0,0,0,1
173,89583,-5844,-3448,9297,-1282,-612,1887,0,0,0,0,0,1
174,90104,-4293,-5090,9385,-973,-958,1930,0,0,0,0,0,1
175,90625,-2589,-6530,9115,-629,-1265,1895,0,0,0,0,0,1
176,91146,-773,-7726,8498,-263,-1522,1786,0,0,0,0,0,1
177,91667,1065,-8620,7552,119,-1726,1611,0,0,0,0,0,1
178,92188,2872,-9187,6310,488,-1859,1370,0,0,0,0,0,1
179,92708,4559,-9394,4835,845,-1923,1079,0,0,0,0,0,1
180,93229,6077,-9249,3168,1164,-1911,749,0,0,0,0,0,1
181,93750,7362,-8743,1386,1446,-1832,386,0,0,0,0,0,1
182,94271,8358,-7899,-453,1667,-1679,12,0,0,0,0,0,1
183,94792,9035,-6758,-2285,1821,-1458,-367,0,0,0,0,0,1
184,95312,9366,-5348,-4016,1910,-1184,-733,0,0,0,0,0,1
185,95833,9337,-3743,-5594,1927,-862,-1064,0,0,0,0,0,1
186,96354,8953,-1982,-6962,1867,-510,-1355,0,0,0,0,0,1
187,96875,8216,-155,-8058,1734,-135,-1598,0,0,0,0,0,1
188,97396,7173,1676,-8849,1536,244,-1778,0,0,0,0,0,1
189,97917,5848,3452,-9292,1278,612,-1893,0,0,0,0,0,1
190,98438,4298,5085,-9384,975,955,-1930,0,0,0,0,0,1
191,98958,2590,6534,-9118,630,1265,-1895,0,0,0,0,0,1
192,99479,773,7724,-8502,261,1524,-1784,0,0,0,0,0,1
193,100000,-1068,8618,-7551,-116,1725,-1612,0,0,0,0,0,1
194,100521,-2872,9183,-6313,-494,1862,-1369,0,0,0,0,0,1
195,101042,-4562,9396,-4834,-845,1927,-1079,0,0,0,0,0,1
196,101562,-6068,9239,-3170,-1166,1915,-750,0,0,0,0,0,1
197,102083,-7359,8739,-1383,-1444,1829,-385,0,0,0,0,0,1
198,102604,-8352,7900,456,-1666,1676,-11,0,0,0,0,0,1
199,103125,-9028,6756,2277,-1824,1455,366,0,0,0,0,0,1
200,103646,-9366,5353,4015,-1911,1183,730,0,0,0,0,0,1
201,104167,-9334,3738,5596,-1927,866,1064,0,0,0,0,0,1
202,104688,-8951,1984,6954,-1867,511,1354,0,0,0,0,0,1
203,105208,-8213,156,8056,-1733,140,1598,0,0,0,0,0,1
204,105729,-7167,-1680,8844,-1536,-241,1777,0,0,0,0,0,1
205,106250,-5844,-3446,9295,-1279,-609,1893,0,0,0,0,0,1
206,106771,-4298,-5085,9380,-974,-956,1929,0,0,0,0,0,1
207,107292,-2589,-6533,9117,-630,-1267,1894,0,0,0,0,0,1
208,107812,-777,-7724,8495,-262,-1528,1783,0,0,0,0,0,1
209,108333,1067,-8624,7549,112,-1729,1611,0,0,0,0,0,1
210,108854,2869,-9188,6310,488,-1858,1369,0,0,0,0,0,1
211,109375,4562,-9394,4834,846,-1925,1082,0,0,0,0,0,1
212,109896,6071,-9247,3168,1167,-1915,750,0,0,0,0,0,1
213,110417,7359,-8739,1378,1447,-1830,385,0,0,0,0,0,1
214,110938,8357,-7897,-460,1671,-1675,12,0,0,0,0,0,1
215,111458,9033,-6754,-2276,1823,-1457,-371,0,0,0,0,0,1
216,111979,9363,-5352,-4015,1914,-1180,-726,0,0,0,0,0,1
217,112500,9339,-3737,-5593,1925,-867,-1062,0,0,0,0,0,1
218,113021,8948,-1982,-6960,1866,-509,-1357,0,0,0,0,0,1
219,113542,8213,-157,-8058,1737,-138,-1598,0,0,0,0,0,1
220,114062,7163,1679,-8845,1539,240,-1781,0,0,0,0,0,1
221,114583,5849,3458,-9299,1279,610,-1887,0,0,0,0,0,1
222,115104,4300,5091,-9390,971,955,-1930,0,0,0,0,0,1
223,115625,2580,6527,-9120,631,1263,-1898,0,0,0,0,0,1
224,116146,771,7726,-8496,260,1525,-1789,0,0,0,0,0,1
225,116667,-1070,8622,-7551,-114,1726,-1608,0,0,0,0,0,1
226,117188,-2869,9179,-6318,-486,1862,-1369,0,0,0,0,0,1
227,117708,-4560,9389,-4832,-844,1925,-1078,0,0,0,0,0,1
228,118229,-6079,9242,-3168,-1166,1915,-749,0,0,0,0,0,1
229,118750,-7361,8744,-1384,-1443,1832,-386,0,0,0,0,0,1
230,119271,-8360,7897,458,-1669,1677,-10,0,0,0,0,0,1
231,119792,-9032,6758,2279,-1826,1457,366,0,0,0,0,0,1
232,120312,-9365,5349,4019,-1912,1185,726,0,0,0,0,0,1
233,120833,-9333,3744,5595,-1927,864,1062,0,0,0,0,0,1
234,121354,-8948,1990,6957,-1865,511,1361,0,0,0,0,0,1
235,121875,-8212,160,8051,-1734,135,1599,0,0,0,0,0,1
236,122396,-7171,-1679,8847,-1537,-241,1777,0,0,0,0,0,1
237,122917,-5845,-3446,9297,-1282,-610,1893,0,0,0,0,0,1
238,123438,-4299,-5081,9382,-974,-954,1931,0,0,0,0,0,1
239,123958,-2576,-6537,9121,-630,-1263,1890,0,0,0,0,0,1
240,124479,-776,-7723,8499,-263,-1522,1788,0,0,0,0,0,1
241,125000,1073,-8621,7552,115,-1726,1611,0,0,0,0,0,1
242,125521,2871,-9182,6312,486,-1865,1371,0,0,0,0,0,1
243,126042,4561,-9396,4839,845,-1925,1079,0,0,0,0,0,1
244,126562,6076,-9251,3170,1166,-1914,746,0,0,0,0,0,1
245,127083,7360,-8745,1387,1444,-1830,387,0,0,0,0,0,1
246,127604,8352,-7899,-460,1667,-1675,9,0,0,0,0,0,1
247,128125,9029,-6754,-2278,1821,-1457,-365,0,0,0,0,0,1
248,128646,9367,-5352,-4012,1910,-1181,-730,0,0,0,0,0,1
249,129167,9338,-3738,-5596,1926,-865,-1066,0,0,0,0,0,1
250,129688,8948,-1992,-6956,1867,-507,-1357,0,0,0,0,0,1
251,130208,8217,-163,-8056,1735,-134,-1596,0,0,0,0,0,1
252,130729,7175,1672,-8850,1534,241,-1778,0,0,0,0,0,1
253,131250,5844,3450,-9293,1281,612,-1891,0,0,0,0,0,1
254,131771,4300,5092,-9385,973,953,-1930,0,0,0,0,0,1
255,132292,2587,6538,-9116,631,1264,-1893,0,0,0,0,0,1
256,132812,767,7727,-8497,258,1526,-1784,0,0,0,0,0,1
257,133333,-1066,8616,-7556,-114,1723,-1609,0,0,0,0,0,1
258,133854,-2869,9181,-6311,-492,1857,-1369,0,0,0,0,0,1
259,134375,-4564,9394,-4841,-843,1924,-1077,0,0,0,0,0,1
260,134896,-6077,9238,-3165,-1166,1916,-745,0,0,0,0,0,1
261,135417,-7355,8740,-1387,-1439,1830,-390,0,0,0,0,0,1
262,135938,-8353,7900,448,-1668,1675,-12,0,0,0,0,0,1
263,136458,-9036,6752,2282,-1824,1454,369,0,0,0,0,0,1
264,136979,-9363,5349,4010,-1909,1183,727,0,0,0,0,0,1
265,137500,-9336,3736,5596,-1921,860,1063,0,0,0,0,0,1
266,138021,-8949,1990,6959,-1868,513,1356,0,0,0,0,0,1
267,138542,-8213,157,8055,-1734,137,1598,0,0,0,0,0,1
268,139062,-7167,-1678,8847,-1531,-242,1778,0,0,0,0,0,1
269,139583,-5842,-3448,9293,-1281,-612,1888,0,0,0,0,0,1
270,140104,-4299,-5083,9389,-973,-959,1931,0,0,0,0,0,1
271,140625,-2582,-6531,9116,-634,-1264,1893,0,0,0,0,0,1
272,141146,-769,-7722,8497,-262,-1524,1786,0,0,0,0,0,1
273,141667,1064,-8619,7546,117,-1727,1609,0,0,0,0,0,1
274,142188,2868,-9184,6313,491,-1861,1371,0,0,0,0,0,1
275,142708,4562,-9397,4830,847,-1925,1081,0,0,0,0,0,1
276,143229,6074,-9247,3171,1166,-1915,746,0,0,0,0,0,1
277,143750,7359,-8743,1380,1447,-1833,383,0,0,0,0,0,1
278,144271,8354,-7901,-454,1665,-1680,10,0,0,0,0,0,1
279,144792,9032,-6754,-2277,1824,-1456,-366,0,0,0,0,0,1
280,145312,9362,-5352,-4015,1907,-1183,-729,0,0,0,0,0,1
281,145833,9335,-3741,-5597,1928,-865,-1068,0,0,0,0,0,1
282,146354,8948,-1985,-6963,1869,-510,-1359,0,0,0,0,0,1
283,146875,8216,-160,-8057,1734,-142,-1599,0,0,0,0,0,1
284,147396,7167,1679,-8845,1537,240,-1776,0,0,0,0,0,1
285,147917,5843,3448,-9295,1279,610,-1897,0,0,0,0,0,1
286,148438,4302,5090,-9384,975,954,-1925,0,0,0,0,0,1
287,148958,2581,6528,-9117,627,1262,-1892,0,0,0,0,0,1
288,149479,774,7723,-8500,265,1521,-1781,0,0,0,0,0,1
289,150000,-1072,8626,-7548,-112,1727,-1608,0,0,0,0,0,1
290,150521,-2872,9185,-6316,-490,1862,-1375,0,0,0,0,0,1
291,151042,-4558,9393,-4835,-846,1925,-1080,0,0,0,0,0,1
292,151562,-6075,9244,-3172,-1166,1910,-746,0,0,0,0,0,1
293,152083,-7356,8738,-1386,-1443,1827,-386,0,0,0,0,0,1
294,152604,-8357,7901,458,-1665,1677,-9,0,0,0,0,0,1
295,153125,-9029,6755,2279,-1827,1458,361,0,0,0,0,0,1
296,153646,-9363,5352,4015,-1916,1182,728,0,0,0,0,0,1
297,154167,-9333,3745,5599,-1927,863,1060,0,0,0,0,0,1
298,154688,-8955,1987,6957,-1867,505,1359,0,0,0,0,0,1
299,155208,-8217,156,8057,-1738,134,1596,0,0,0,0,0,1
300,155729,-7166,-1677,8842,-1538,-240,1778,0,0,0,0,0,1
301,156250,-5849,-3445,9293,-1279,-610,1892,0,0,0,0,0,1
302,156771,-4301,-5083,9387,-971,-958,1931,0,0,0,0,0,1
303,157292,-2587,-6534,9120,-629,-1262,1893,0,0,0,0,0,1
304,157812,-771,-7725,8495,-260,-1523,1790,0,0,0,0,0,1
305,158333,1071,-8616,7554,117,-1727,1609,0,0,0,0,0,1
306,158854,2867,-9185,6311,488,-1861,1372,0,0,0,0,0,1
307,159375,4557,-9395,4836,846,-1923,1080,0,0,0,0,0,1
308,159896,6081,-9247,3167,1166,-1911,748,0,0,0,0,0,1
309,160417,7356,-8741,1384,1442,-1830,389,0,0,0,0,0,1
310,160938,8358,-7903,-456,1667,-1676,11,0,0,0,0,0,1
311,161458,9031,-6756,-2283,1824,-1457,-367,0,0,0,0,0,1
312,161979,9369,-5353,-4012,1911,-1181,-729,0,0,0,0,0,1
313,162500,9335,-3745,-5591,1923,-861,-1064,0,0,0,0,0,1
314,163021,8945,-1991,-6961,1867,-509,-1358,0,0,0,0,0,1
315,163542,8219,-160,-8054,1730,-132,-1596,0,0,0,0,0,1
316,164062,7175,1676,-8845,1534,243,-1781,0,0,0,0,0,1
317,164583,5840,3452,-9293,1280,613,-1891,0,0,0,0,0,1
318,165104,4302,5089,-9390,975,956,-1925,0,0,0,0,0,1
319,165625,2588,6528,-9115,629,1266,-1895,0,0,0,0,0,1
320,166146,774,7723,-8496,262,1522,-1787,0,0,0,0,0,1
321,166667,-1068,1662,-591,-114,1724,-1611,0,0,0,0,0,1
322,167188,-2868,2626,242,-490,6494,-6007,0,0,0,0,0,1
323,167708,-4567,3500,1069,-848,10743,-9902,0,0,0,0,0,1
324,168229,-6077,4234,1849,-1165,14315,-13149,0,0,0,0,0,1
325,168750,-7357,4801,2564,-1444,17084,-15636,0,0,0,0,0,1
326,169271,-8354,5177,3168,-1665,18929,-17264,0,0,0,0,0,1
327,169792,-9040,5370,3661,-1820,19805,-17981,0,0,0,0,0,1
328,170312,-9369,5353,4015,-1912,19674,-17760,0,0,0,0,0,1
329,170833,-9334,5128,4211,-1926,18549,-16620,0,0,0,0,0,1
330,171354,-8947,4696,4247,-1859,16471,-14607,0,0,0,0,0,1
331,171875,-8219,4103,4114,-1735,13544,-11806,0,0,0,0,0,1
332,172396,-7168,3342,3831,-1539,9858,-8321,0,0,0,0,0,1
333,172917,-5847,2444,3396,-1281,5584,-4297,0,0,0,0,0,1
334,173438,-4299,1462,2839,-976,870,99,0,0,0,0,0,1
335,173958,-2588,429,2161,-629,-4079,4712,0,0,0,0,0,1
336,174479,-775,-629,1407,-261,-9085,9347,0,0,0,0,0,1
337,175000,1067,-1665,594,118,-13942,13828,0,0,0,0,0,1
338,175521,2872,-2628,-242,489,-18463,17972,0,0,0,0,0,1
339,176042,4556,-3497,-1064,842,-22465,21619,0,1,1,0,0,1
340,176562,6073,-4231,-1848,1167,-25792,24625,0,1,1,0,0,1
341,177083,7355,-4803,-2553,1444,-28318,26875,1,1,1,0,1,1
342,177604,8356,-5186,-3174,1669,-29934,28273,1,1,1,0,1,1
343,178125,9040,-5371,-3659,1825,-30582,28762,1,1,1,0,1,1
344,178646,9362,-5355,-4014,1913,-30229,28320,1,1,1,0,1,1
345,179167,9335,-5128,-4211,1925,-28886,26966,1,1,1,0,1,1
346,179688,8949,-4699,-4240,1867,-26597,24736,1,1,1,0,1,1
347,180208,8220,-4101,-4114,1736,-23457,21721,1,1,1,0,1,1
348,180729,7169,-3338,-3827,1536,-19574,18035,1,1,1,0,1,1
349,181250,5847,-2451,-3395,1279,-15094,13812,1,1,1,0,1,1
350,181771,4299,-1463,-2830,973,-10187,9215,1,1,1,0,1,1
351,182292,2585,-430,-2155,629,-5044,4412,1,1,1,0,1,1
352,182812,771,628,-1405,264,148,-413,1,1,1,0,1,1
353,183333,-1070,1662,-591,-114,5189,-5071,1,1,1,0,1,1
354,183854,-2865,2625,240,-486,9886,-9394,1,1,1,0,1,1
355,184375,-4563,3498,1064,-842,14067,-13223,1,1,1,0,1,1
356,184896,-6066,4228,1847,-1167,17571,-16407,1,1,1,0,1,1
357,185417,-7361,4796,2558,-1444,20266,-18826,1,1,1,0,1,1
358,185938,-8357,5187,3175,-1666,22048,-20384,1,1,1,0,1,1
359,186458,-9029,5371,3657,-1822,22860,-21038,1,1,1,0,1,1
360,186979,-9363,5351,4016,-1911,22666,-20754,1,1,1,1,1,1
361,187500,-9336,5122,4210,-1927,21479,-19554,1,1,1,1,1,1
362,188021,-8948,4702,4242,-1867,19343,-17479,1,1,1,1,1,1
363,188542,-8217,4097,4115,-1733,16349,-14615,1,1,1,1,1,1
364,189062,-7171,3338,3828,-1536,12612,-11073,1,1,1,1,1,1
365,189583,-5845,2451,3396,-1279,8275,-6998,1,1,1,1,1,1
366,190104,-4297,1464,2829,-974,3511,-2539,1,1,1,1,1,1
367,190625,-2586,423,2161,-626,-1494,2126,1,1,1,1,1,1
368,191146,-779,-628,1397,-263,-6557,6815,1,1,1,1,1,1
369,191667,1068,-1664,592,113,-11459,11342,1,1,1,1,1,1
370,192188,2866,-2625,-238,487,-16033,15541,1,1,1,1,1,1
371,192708,4554,-3500,-1061,845,-20084,19240,1,1,1,1,1,1
372,193229,6079,-4229,-1852,1169,-23462,22296,1,1,1,1,1,1
373,193750,7358,-4797,-2559,1442,-26036,24591,1,1,1,1,1,1
374,194271,8357,-5185,-3173,1666,-27699,26036,1,1,1,1,1,1
375,194792,9033,-5376,-3661,1825,-28396,26573,1,1,1,1,1,1
376,195312,9365,-5355,-4011,1911,-28085,26175,1,1,1,1,1,1
377,195833,9336,-5117,-4210,1926,-26792,24863,1,1,1,1,1,1
378,196354,8950,-4708,-4249,1865,-24545,22677,1,1,1,1,1,1
379,196875,8216,-4097,-4116,1736,-21445,19708,1,1,1,1,1,1
380,197396,7172,-3340,-3828,1535,-17599,16064,1,1,1,1,1,1
381,197917,5849,-2448,-3395,1282,-13159,11881,1,1,1,1,1,1
382,198438,4298,-1461,-2839,972,-8294,7326,1,1,1,1,1,1
383,198958,2580,-430,-2159,628,-3189,2562,1,1,1,1,1,1
384,199479,780,629,-1406,262,1965,-2224,1,1,1,1,1,1
385,200000,-1069,1658,-591,-118,6969,-6853,1,1,1,1,1,1
386,200521,-2871,2632,245,-489,11626,-11138,1,1,1,1,1,1
387,201042,-4559,3497,1060,-841,15771,-14934,1,1,1,1,1,1
388,201562,-6080,4230,1845,-1165,19241,-18072,1,1,1,1,1,1
389,202083,-7348,4804,2557,-1444,21901,-20458,1,1,1,1,1,1
390,202604,-8355,5184,3169,-1663,23650,-21986,1,1,1,1,1,1
391,203125,-9030,5376,3663,-1825,24429,-22604,1,1,1,1,1,1
392,203646,-9360,5355,4013,-1909,24203,-22291,1,1,1,1,1,1
393,204167,-9334,5121,4211,-1926,22981,-21060,1,1,1,1,1,1
394,204688,-8950,4701,4245,-1870,20821,-18949,1,1,1,1,1,1
395,205208,-8217,4101,4119,-1734,17794,-16058,1,1,1,1,1,1
396,205729,-7163,3341,3831,-1538,14026,-12491,1,1,1,1,1,1
397,206250,-5846,2452,3397,-1279,9659,-8382,1,1,1,1,1,1
398,206771,-4297,1466,2832,-974,4866,-3896,1,1,1,1,1,1
399,207292,-2583,432,2155,-627,-167,798,1,1,1,1,1,1
400,207812,-775,-629,1400,-263,-5254,5512,1,1,1,1,1,1
401,208333,1069,-1660,592,119,-10187,10074,1,1,1,1,1,1
402,208854,2874,-2630,-242,492,-14784,14291,1,1,1,1,1,1
403,209375,4559,-3500,-1063,842,-18860,18017,1,1,1,1,1,1
404,209896,6075,-4232,-1848,1165,-22267,21096,1,1,1,1,1,1
405,210417,7359,-4804,-2556,1447,-24862,23422,1,1,1,1,1,1
406,210938,8355,-5187,-3177,1664,-26554,24886,1,1,1,1,1,1
407,211458,9031,-5380,-3660,1822,-27270,25449,1,1,1,1,1,1
408,211979,9365,-5355,-4008,1909,-26989,25074,1,1,1,1,1,1
409,212500,9333,-5128,-4211,1926,-25708,23782,1,1,1,1,1,1
410,213021,8949,-4705,-4247,1863,-23490,21621,1,1,1,1,1,1
411,213542,8218,-4105,-4114,1735,-20405,18677,1,1,1,1,1,1
412,214062,7167,-3339,-3834,1535,-16584,15047,1,1,1,1,1,1
413,214583,5843,-2453,-3393,1278,-12171,10889,1,1,1,1,1,1
414,215104,4294,-1464,-2828,972,-7323,6353,1,1,1,1,1,1
415,215625,2589,-423,-2159,629,-2235,1607,1,1,1,1,1,1
416,216146,773,624,-1408,260,2894,-3157,1,1,1,1,1,1
417,216667,-1067,1663,-591,-117,7878,-7760,1,1,1,1,1,1
418,217188,-2872,2630,240,-487,12526,-12036,1,1,1,1,1,1
419,217708,-4558,3494,1065,-845,16649,-15801,1,1,1,1,1,1
420,218229,-6074,4233,1848,-1165,20098,-18932,1,1,1,1,1,1
421,218750,-7357,4797,2558,-1445,22742,-21299,1,1,1,1,1,1
422,219271,-8356,5180,3170,-1663,24474,-22806,1,1,1,1,1,1
423,219792,-9033,5372,3664,-1826,25233,-23410,1,1,1,1,1,1
424,220312,-9363,5352,4008,-1911,24992,-23076,1,1,1,1,1,1
425,220833,-9332,5132,4211,-1923,23752,-21832,1,1,1,1,1,1
426,221354,-8946,4699,4246,-1865,21574,-19711,1,1,1,1,1,1
427,221875,-8212,4102,4120,-1737,18533,-16802,1,1,1,1,1,1
428,222396,-7176,3341,3829,-1534,14756,-13214,1,1,1,1,1,1
429,222917,-5849,2450,3394,-1278,10371,-9095,1,1,1,1,1,1
430,223438,-4299,1466,2830,-977,5566,-4591,1,1,1,1,1,1
431,223958,-2579,426,2162,-630,517,117,1,1,1,1,1,1
432,224479,-770,-635,1405,-263,-4583,4847,1,1,1,1,1,1
433,225000,1070,-1663,593,115,-9530,9414,1,1,1,1,1,1
434,225521,2864,-2627,-241,490,-14141,13654,1,1,1,1,1,1
435,226042,4560,-3493,-1064,844,-18235,17387,1,1,1,1,1,1
436,226562,6075,-4231,-1851,1164,-21651,20484,1,1,1,1,1,1
437,227083,7762,-8620,849,0,1,0,1,1,1,1,1,0
438,227604,8679,-7676,-1008,-3,2,-2,1,1,1,1,1,0
439,228125,9271,-6431,-2826,1,2,3,1,1,1,1,1,0
440,228646,9495,-4954,-4541,-3,-3,1,1,1,1,1,1,0
441,229167,9354,-3277,-6079,-4,-1,4,1,1,1,1,1,0
442,229688,8856,-1473,-7383,0,4,0,1,1,1,1,1,0
443,230208,8023,384,-8412,1,-1,1,1,1,1,1,1,0
444,230729,6881,2234,-9114,-2,-2,2,1,1,1,1,1,0
445,231250,5468,3993,-9458,-2,-2,2,1,1,1,1,1,0
446,231771,3852,5589,-9444,0,1,-1,1,1,1,1,1,0
447,232292,2086,6982,-9064,-1,-2,3,1,1,1,1,1,0
448,232812,234,8101,-8338,-2,1,4,1,1,1,1,1,0
449,233333,-1624,8913,-7290,5,0,-1,0,1,1,1,1,0
450,233854,-3414,9381,-5966,4,5,3,0,1,1,1,1,0
451,234375,-5082,9485,-4404,-2,0,-2,0,1,1,1,1,0
452,234896,-6546,9229,-2681,0,-2,3,0,0,0,1,1,0
453,235417,-7759,8620,-850,2,3,1,0,0,0,1,1,0
454,235938,-8683,7675,1008,0,0,2,0,0,0,1,1,0
455,236458,-9265,6437,2831,-2,0,-2,0,0,0,1,1,0
456,236979,-9494,4957,4540,0,-2,0,0,0,0,1,1,0
457,237500,-9358,3272,6084,0,-1,-1,0,0,0,1,1,0
458,238021,-8853,1470,7388,-4,0,1,0,0,0,1,1,0
459,238542,-8025,-387,8414,-1,3,0,0,0,0,1,1,0
460,239062,-6881,-2229,9109,-3,-1,0,0,0,0,1,1,0
461,239583,-5467,-3985,9461,0,2,-1,0,0,0,1,1,0
462,240104,-3848,-5596,9438,0,0,-1,0,0,0,1,1,0
463,240625,-2083,-6983,9065,1,2,-2,0,0,0,1,1,0
464,241146,-238,-8102,8342,0,1,-1,0,0,0,0,1,0
465,241667,1620,-8919,7291,-1,0,1,0,0,0,0,1,0
466,242188,3413,-9380,5970,-2,-2,2,0,0,0,0,1,0
467,242708,5077,-9486,4411,-2,2,-1,0,0,0,0,1,0
468,243229,6548,-9233,2684,-2,1,3,0,0,0,0,1,0
469,243750,7760,-8618,853,3,0,1,0,0,0,0,1,0
470,244271,8675,-7677,-1009,0,-1,1,0,0,0,0,1,0
471,244792,9262,-6438,-2832,0,4,1,0,0,0,0,1,0
472,245312,9488,-4945,-4539,1,2,4,0,0,0,0,1,0
473,245833,9356,-3277,-6083,0,-3,3,0,0,0,0,1,0
474,246354,8859,-1468,-7388,-2,0,1,0,0,0,0,1,0
475,246875,8023,385,-8405,-1,0,1,0,0,0,0,1,0
476,247396,6877,2231,-9110,1,-1,-3,0,0,0,0,1,0
477,247917,5470,3985,-9454,0,1,-2,0,0,0,0,1,0
478,248438,3849,5592,-9440,1,2,-2,0,0,0,0,1,0
479,248958,2078,6982,-9060,1,-1,0,0,0,0,0,1,0
480,249479,228,8101,-8338,-3,1,0,0,0,0,0,1,0
481,250000,-1623,8913,-7285,0,0,-3,0,0,0,0,1,0
482,250521,-3421,9383,-5963,2,-3,3,0,0,0,0,1,0
483,251042,-5080,9486,-4404,-1,-2,2,0,0,0,0,1,0
484,251562,-6547,9231,-2688,3,2,-1,0,0,0,0,1,0
485,252083,-7761,8619,-851,0,2,-1,0,0,0,0,1,0
486,252604,-8680,7678,1007,2,-3,1,0,0,0,0,1,0
487,253125,-9264,6431,2829,-2,3,-3,0,0,0,0,1,0
488,253646,-9493,4947,4549,0,1,0,0,0,0,0,1,0
489,254167,-9358,3270,6086,6,-2,-1,0,0,0,0,1,0
490,254688,-8860,1468,7386,1,3,4,0,0,0,0,1,0
491,255208,-8025,-392,8411,4,-1,2,0,0,0,0,1,0
492,255729,-6877,-2232,9110,1,3,0,0,0,0,0,1,0
493,256250,-5466,-3985,9457,-1,4,2,0,0,0,0,1,0
494,256771,-3853,-5591,9444,0,1,0,0,0,0,0,1,0
495,257292,-2084,-6983,9061,-2,2,-1,0,0,0,0,1,0
496,257812,-234,-8107,8337,-2,-1,-1,0,0,0,0,1,0
497,258333,1623,-8911,7289,0,1,-1,0,0,0,0,1,0
498,258854,3422,-9378,5966,0,-1,1,0,0,0,0,1,0
499,259375,5076,-9490,4405,-1,2,0,0,0,0,0,1,0
500,259896,6546,-9231,2680,0,-2,1,0,0,0,0,1,0
501,260417,7764,-8616,853,2,1,-2,0,0,0,0,1,0
502,260938,8684,-7674,-1012,-3,-1,-1,0,0,0,0,1,0
503,261458,9010,-6811,-2197,0,0,1,0,0,0,0,1,0
504,261979,9352,-5422,-3928,3,3,-4,0,0,0,0,1,0
505,262500,9338,-3819,-5515,-4,3,4,0,0,0,0,1,0
506,263021,8965,-2069,-6893,1,3,-1,0,0,0,0,1,0
507,263542,8255,-251,-8012,-1,-3,2,0,0,0,0,1,0
508,264062,7219,1595,-8806,-3,-2,1,0,0,0,0,1,0
509,264583,5909,3367,-9271,-2,-1,4,0,0,0,0,1,0
510,265104,4368,5010,-9384,0,-2,3,0,0,0,0,1,0
511,265625,2658,6469,-9125,1,1,2,0,0,0,0,1,0
512,266146,859,7668,-8528,-2,0,-4,0,0,0,0,1,0
513,266667,-982,8576,-7598,0,0,-1,0,0,0,0,1,0
514,267188,-2785,9160,-6368,-2,0,-1,0,0,0,0,1,0
515,267708,-4479,9384,-4900,0,-1,0,0,0,0,0,1,0
516,268229,-6003,9258,-3252,-1,-1,-4,0,0,0,0,1,0
517,268750,-7296,8764,-1465,2,0,0,0,0,0,0,1,0
518,269271,-8312,7940,364,4,-5,-2,0,0,0,0,1,0
519,269792,-9003,6809,2188,3,-2,-1,0,0,0,0,1,0
520,270312,-9352,5418,3933,3,2,1,0,0,0,0,1,0
521,270833,-9337,3816,5516,6,2,-3,0,0,0,0,1,0
522,271354,-8968,2071,6890,-1,0,1,0,0,0,0,1,0
523,271875,-8252,247,8003,-1,-1,4,0,0,0,0,1,0
524,272396,-7223,-1588,8814,0,0,-1,0,0,0,0,1,0
525,272917,-5909,-3366,9274,-2,-4,0,0,0,0,0,1,0
526,273438,-4369,-5007,9384,-2,1,-2,0,0,0,0,1,0
527,273958,-2668,-6462,9127,0,5,-1,0,0,0,0,1,0
528,274479,-854,-7664,8525,0,2,1,0,0,0,0,1,0
529,275000,979,-8582,7596,1,3,-2,0,0,0,0,1,0
530,275521,2786,-9164,6377,1,-1,-2,0,0,0,0,1,0
531,276042,4476,-9385,4906,-1,0,-2,0,0,0,0,1,0
532,276562,6003,-9259,3249,-2,2,1,0,0,0,0,1,0
533,277083,7297,-8764,1465,1,1,-3,0,0,0,0,1,0
534,277604,8310,-7940,-376,4,0,-1,0,0,0,0,1,0
535,278125,9003,-6804,-2192,-2,-1,1,0,0,0,0,1,0
536,278646,9347,-5424,-3931,0,0,0,0,0,0,0,1,0
537,279167,9336,-3818,-5519,-3,-2,0,0,0,0,0,1,0
538,279688,8968,-2074,-6895,2,5,-2,0,0,0,0,1,0
539,280208,8251,-243,-8003,2,0,4,0,0,0,0,1,0
540,280729,7219,1586,-8808,-2,-2,1,0,0,0,0,1,0
541,281250,5904,3372,-9277,-3,-3,2,0,0,0,0,1,0
542,281771,4368,5019,-9380,3,0,1,0,0,0,0,1,0
543,282292,2664,6468,-9127,0,-1,-4,0,0,0,0,1,0
544,282812,860,7667,-8532,-1,-1,0,0,0,0,0,1,0
545,283333,-982,8579,-7595,-2,-1,-2,0,0,0,0,1,0
546,283854,-2780,9160,-6374,1,2,2,0,0,0,0,1,0
547,284375,-4480,9393,-4905,1,3,1,0,0,0,0,1,0
548,284896,-6005,9256,-3249,1,-2,1,0,0,0,0,1,0
549,285417,-7299,8760,-1470,2,-1,-3,0,0,0,0,1,0
550,285938,-8310,7942,365,1,0,-1,0,0,0,0,1,0
551,286458,-9003,6812,2189,-3,3,-1,0,0,0,0,1,0
552,286979,-9347,5423,3931,2,1,-2,0,0,0,0,1,0
553,287500,-9341,3817,5520,-2,0,-2,0,0,0,0,1,0
554,288021,-8965,2072,6897,-2,-1,3,0,0,0,0,1,0
555,288542,-8251,252,8006,-1,-4,-2,0,0,0,0,1,0
556,289062,-7218,-1589,8811,1,-2,6,0,0,0,0,1,0
557,289583,-5905,-3360,9276,1,0,0,0,0,0,0,1,0
558,290104,-4373,-5012,9382,0,-3,0,0,0,0,0,1,0
559,290625,-2675,-6464,9133,-3,-1,0,0,0,0,0,1,0
560,291146,-859,-7667,8527,3,3,-3,0,0,0,0,1,0
561,291667,986,-8576,7592,-1,2,2,0,0,0,0,1,0
562,292188,2787,-9161,6377,3,-2,-1,0,0,0,0,1,0
563,292708,4484,-9388,4901,-3,-1,4,0,0,0,0,1,0
564,293229,6009,-9251,3249,1,2,0,0,0,0,0,1,0
565,293750,7297,-8765,1467,-1,-1,1,0,0,0,0,1,0
566,294271,8308,-7944,-374,-3,0,-3,0,0,0,0,1,0
567,294792,8998,-6811,-2193,1,-2,0,0,0,0,0,1,0
568,295312,9354,-5420,-3927,0,-2,-2,0,0,0,0,1,0
569,295833,9334,-3820,-5515,0,-2,0,0,0,0,0,1,0
570,296354,8968,-2070,-6890,-2,1,-2,0,0,0,0,1,0
571,296875,8248,-246,-8008,-3,0,0,0,0,0,0,1,0
572,297396,7213,1593,-8806,-1,4,1,0,0,0,0,1,0
573,297917,5914,3364,-9274,0,-2,-2,0,0,0,0,1,0
574,298438,4372,5008,-9382,-3,0,3,0,0,0,0,1,0
575,298958,2666,6468,-9128,4,1,-1,0,0,0,0,1,0
576,299479,859,7672,-8526,-2,2,-4,0,0,0,0,1,0
577,300000,-982,8575,-7597,0,2,0,0,0,0,0,1,0
578,300521,-2785,9160,-6372,3,0,-2,0,0,0,0,1,0
579,301042,-4477,9388,-4900,4,-2,-2,0,0,0,0,1,0
580,301562,-6003,9253,-3247,1,-1,2,0,0,0,0,1,0
581,302083,-7294,8765,-1467,-3,1,-2,0,0,0,0,1,0
582,302604,-8310,7943,367,1,1,2,0,0,0,0,1,0
583,303125,-9000,6808,2191,-1,0,-3,0,0,0,0,1,0
584,303646,-9352,5421,3929,3,-2,0,0,0,0,0,1,0
585,304167,-9337,3818,5520,1,1,1,0,0,0,0,1,0
586,304688,-8969,2072,6899,1,-1,0,0,0,0,0,1,0
587,305208,-8255,253,8007,-2,0,0,0,0,0,0,1,0
588,305729,-7226,-1591,8815,0,1,-1,0,0,0,0,1,0
589,306250,-5912,-3364,9277,1,1,-4,0,0,0,0,1,0
590,306771,-4371,-5011,9381,2,3,4,0,0,0,0,1,0
591,307292,-2667,-6461,9131,2,-1,1,0,0,0,0,1,0
592,307812,-863,-7666,8525,3,1,3,0,0,0,0,1,0
593,308333,978,-8577,7601,0,-2,1,0,0,0,0,1,0
594,308854,2780,-9163,6373,-1,-1,4,0,0,0,0,1,0
595,309375,4481,-9389,4907,-1,-3,2,0,0,0,0,1,0
596,309896,6004,-9256,3247,-1,0,-2,0,0,0,0,1,0
597,310417,7298,-8766,1471,3,2,1,0,0,0,0,1,0
598,310938,8309,-7941,-371,0,1,2,0,0,0,0,1,0
599,311458,8999,-6807,-2191,-3,-1,4,0,0,0,0,1,0
600,311979,9350,-5413,-3929,2,-2,1,0,0,0,0,1,0
601,312500,9338,-3815,-5519,0,1,3,0,0,0,0,1,0
602,313021,8974,-2074,-6896,-1,-1,-1,0,0,0,0,1,0
603,313542,8253,-244,-8003,0,-2,1,0,0,0,0,1,0
604,314062,7216,1585,-8808,-1,-2,0,0,0,0,0,1,0
605,314583,5907,3368,-9279,3,0,0,0,0,0,0,1,0
606,315104,4366,5013,-9380,-1,-1,-1,0,0,0,0,1,0
607,315625,2668,6468,-9127,-1,3,2,0,0,0,0,1,0
608,316146,858,7669,-8528,0,2,1,0,0,0,0,1,0
609,316667,-980,8576,-7597,3,-2,2,0,0,0,0,1,0
610,317188,-2783,9161,-6373,-5,1,0,0,0,0,0,1,0
611,317708,-4478,9385,-4905,-1,0,-3,0,0,0,0,1,0
612,318229,-6004,9251,-3253,0,-2,-2,0,0,0,0,1,0
613,318750,-7300,8766,-1470,0,-3,-1,0,0,0,0,1,0
614,319271,-8312,7934,366,1,5,-2,0,0,0,0,1,0
615,319792,-9009,6808,2192,0,2,0,0,0,0,0,1,0
616,320312,-9349,5419,3935,-3,1,0,0,0,0,0,1,0
617,320833,-9338,3815,5519,2,0,1,0,0,0,0,1,0
618,321354,-8970,2076,6895,3,0,-1,0,0,0,0,1,0
619,321875,-8249,247,8004,0,2,0,0,0,0,0,1,0
620,322396,-7218,-1589,8807,1,-1,2,0,0,0,0,1,0
621,322917,-5909,-3360,9276,0,1,3,0,0,0,0,1,0
622,323438,-4370,-5014,9382,-1,1,-2,0,0,0,0,1,0
623,323958,-2662,-6464,9135,2,-2,4,0,0,0,0,1,0
624,324479,-860,-7668,8524,1,2,0,0,0,0,0,1,0
625,325000,980,-8580,7596,0,2,0,0,0,0,0,1,0
626,325521,2785,-9154,6376,0,3,-1,0,0,0,0,1,0
627,326042,4476,-9384,4904,0,-3,0,0,0,0,0,1,0
628,326562,6002,-9253,3252,0,-2,0,0,0,0,0,1,0
629,327083,7297,-8760,1466,1,1,-3,0,0,0,0,1,0
630,327604,8312,-7940,-372,-1,0,-5,0,0,0,0,1,0
631,328125,9002,-6809,-2193,3,-1,2,0,0,0,0,1,0
632,328646,9351,-5414,-3928,0,-2,2,0,0,0,0,1,0
633,329167,9340,-3824,-5523,1,-5,0,0,0,0,0,1,0
634,329688,8967,-2073,-6892,-1,-1,-3,0,0,0,0,1,0
635,330208,8256,-245,-8007,2,1,0,0,0,0,0,1,0
636,330729,7217,1590,-8808,0,2,-3,0,0,0,0,1,0
637,331250,5905,3367,-9275,-1,0,3,0,0,0,0,1,0
638,331771,4367,5005,-9380,-3,-1,2,0,0,0,0,1,0
639,332292,2663,6468,-9131,-1,1,1,0,0,0,0,1,0
640,332812,857,7669,-8530,-4,-3,2,0,0,0,0,1,0
