1,0,-509,8321,-7808,117,-1724,1606,0,0,0,0,0,1
2,521,-2313,8985,-6664,490,-1856,1371,0,0,0,0,0,1
3,1042,-4040,9300,-5262,847,-1922,1080,0,0,0,0,0,1
4,1562,-5598,9262,-3656,1171,-1912,746,0,0,0,0,0,1
5,2083,-6944,8864,-1913,1444,-1827,386,0,0,0,0,0,1
6,2604,-8031,8127,-107,1669,-1674,14,0,0,0,0,0,1
7,3125,-8794,7070,1723,1821,-1459,-364,0,0,0,0,0,1
8,3646,-9232,5757,3475,1910,-1184,-728,0,0,0,0,0,1
9,4167,-9310,4215,5091,1927,-862,-1064,0,0,0,0,0,1
10,4688,-9033,2512,6525,1862,-509,-1355,0,0,0,0,0,1
11,5208,-8407,705,7695,1735,-137,-1600,0,0,0,0,0,1
12,5729,-7457,-1121,8581,1535,240,-1776,0,0,0,0,0,1
13,6250,-6224,-2905,9124,1278,610,-1890,0,0,0,0,0,1
14,6771,-4752,-4579,9327,974,955,-1927,0,0,0,0,0,1
15,7292,-3091,-6074,9165,627,1263,-1890,0,0,0,0,0,1
16,7812,-1319,-7343,8649,260,1526,-1784,0,0,0,0,0,1
17,8333,510,-8315,7806,-116,1723,-1611,0,0,0,0,0,1
18,8854,2324,-8982,6666,-490,1857,-1371,0,0,0,0,0,1
19,9375,4029,-9300,5265,-848,1925,-1082,0,0,0,0,0,1
20,9896,5592,-9259,3661,-1168,1913,-745,0,0,0,0,0,1
21,10417,6947,-8863,1920,-1444,1830,-388,0,0,0,0,0,1
22,10938,8023,-8122,95,-1663,1677,-10,0,0,0,0,0,1
23,11458,8797,-7076,-1730,-1828,1454,369,0,0,0,0,0,1
24,11979,9231,-5757,-3480,-1914,1186,727,0,0,0,0,0,1
25,12500,9305,-4215,-5099,-1925,864,1064,0,0,0,0,0,1
26,13021,9034,-2508,-6520,-1864,510,1359,0,0,0,0,0,1
27,13542,8410,-709,-7700,-1739,134,1598,0,0,0,0,0,1
28,14062,7459,1117,-8577,-1539,-241,1780,0,0,0,0,0,1
29,14583,6224,2908,-9130,-1279,-607,1891,0,0,0,0,0,1
30,15104,4747,4577,-9322,-969,-955,1929,0,0,0,0,0,1
31,15625,3094,6071,-9164,-630,-1265,1893,0,0,0,0,0,1
32,16146,1316,7331,-8656,-263,-1525,1786,0,0,0,0,0,1
33,16667,-513,8320,-7806,116,-1727,1612,0,0,0,0,0,1
34,17188,-2313,8986,-6667,490,-1862,1372,0,0,0,0,0,1
35,17708,-4037,9302,-5264,842,-1924,1078,0,0,0,0,0,1
36,18229,-5598,9260,-3659,1164,-1913,749,0,0,0,0,0,1
37,18750,-6944,8862,-1917,1444,-1829,387,0,0,0,0,0,1
38,19271,-8026,8127,-97,1666,-1672,6,0,0,0,0,0,1
39,19792,-8797,7076,1722,1825,-1457,-367,0,0,0,0,0,1
40,20312,-9233,5754,3473,1916,-1185,-729,0,0,0,0,0,1
41,20833,-9312,4214,5101,1925,-863,-1063,0,0,0,0,0,1
42,21354,-9033,2506,6529,1863,-510,-1361,0,0,0,0,0,1
43,21875,-8408,702,7693,1737,-138,-1600,0,0,0,0,0,1
44,22396,-7457,-1120,8576,1536,241,-1778,0,0,0,0,0,1
45,22917,-6220,-2903,9126,1277,608,-1887,0,0,0,0,0,1
46,23438,-4744,-4575,9328,973,956,-1929,0,0,0,0,0,1
47,23958,-3092,-6069,9165,626,1264,-1890,0,0,0,0,0,1
48,24479,-1315,-7335,8652,263,1521,-1786,0,0,0,0,0,1
49,25000,513,-8316,7807,-118,1725,-1611,0,0,0,0,0,1
50,25521,2314,-8983,6668,-491,1865,-1369,0,0,0,0,0,1
51,26042,4040,-9290,5263,-845,1925,-1077,0,0,0,0,0,1
52,26562,5592,-9256,3666,-1164,1913,-750,0,0,0,0,0,1
53,27083,6939,-8868,1921,-1444,1831,-384,0,0,0,0,0,1
54,27604,8023,-8129,96,-1669,1674,-11,0,0,0,0,0,1
55,28125,8797,-7074,-1723,-1827,1455,370,0,0,0,0,0,1
56,28646,9232,-5755,-3481,-1915,1180,731,0,0,0,0,0,1
57,29167,9311,-4210,-5102,-1929,866,1064,0,0,0,0,0,1
58,29688,9030,-2507,-6527,-1866,510,1357,0,0,0,0,0,1
59,30208,8410,-706,-7698,-1732,139,1594,0,0,0,0,0,1
60,30729,7461,1121,-8575,-1538,-241,1777,0,0,0,0,0,1
61,31250,6224,2904,-9119,-1281,-609,1891,0,0,0,0,0,1
62,31771,4749,4577,-9323,-971,-955,1928,0,0,0,0,0,1
63,32292,3088,6074,-9163,-630,-1264,1894,0,0,0,0,0,1
64,32812,1313,7335,-8651,-261,-1523,1787,0,0,0,0,0,1
65,33333,-511,8317,-7807,115,-1727,1607,0,0,0,0,0,1
66,33854,-2317,8982,-6663,487,-1862,1373,0,0,0,0,0,1
67,34375,-4030,9297,-5264,844,-1929,1080,0,0,0,0,0,1
68,34896,-5600,9252,-3657,1165,-1908,747,0,0,0,0,0,1
69,35417,-6943,8861,-1915,1446,-1831,385,0,0,0,0,0,1
70,35938,-8031,8123,-99,1667,-1675,11,0,0,0,0,0,1
71,36458,-8797,7077,1724,1826,-1458,-366,0,0,0,0,0,1
72,36979,-9235,5750,3478,1914,-1182,-727,0,0,0,0,0,1
73,37500,-9314,4212,5097,1927,-864,-1062,0,0,0,0,0,1
74,38021,-9031,2512,6520,1864,-510,-1355,0,0,0,0,0,1
75,38542,-8409,714,7694,1734,-137,-1600,0,0,0,0,0,1
76,39062,-7456,-1125,8579,1537,243,-1777,0,0,0,0,0,1
77,39583,-6219,-2902,9125,1282,612,-1891,0,0,0,0,0,1
78,40104,-4749,-4575,9329,973,951,-1929,0,0,0,0,0,1
79,40625,-3092,-6074,9163,629,1264,-1894,0,0,0,0,0,1
80,41146,-1317,-7341,8652,262,1527,-1784,0,0,0,0,0,1
81,41667,510,-8317,7810,-116,1726,-1609,0,0,0,0,0,1
82,42188,2320,-8977,6664,-491,1863,-1372,0,0,0,0,0,1
83,42708,4037,-9289,5258,-846,1924,-1077,0,0,0,0,0,1
84,43229,5599,-9258,3660,-1167,1917,-751,0,0,0,0,0,1
85,43750,6947,-8860,1920,-1442,1835,-385,0,0,0,0,0,1
86,44271,8027,-8126,104,-1667,1676,-10,0,0,0,0,0,1
87,44792,8800,-7081,-1723,-1825,1458,364,0,0,0,0,0,1
88,45312,9233,-5760,-3473,-1911,1183,731,0,0,0,0,0,1
89,45833,9313,-4207,-5104,-1927,866,1065,0,0,0,0,0,1
90,46354,9033,-2505,-6526,-1869,510,1359,0,0,0,0,0,1
91,46875,8413,-706,-7703,-1733,135,1601,0,0,0,0,0,1
92,47396,7457,1119,-8574,-1537,-239,1779,0,0,0,0,0,1
93,47917,6226,2910,-9130,-1280,-612,1890,0,0,0,0,0,1
94,48438,4753,4578,-9324,-974,-956,1930,0,0,0,0,0,1
95,48958,3088,6077,-9165,-628,-1265,1894,0,0,0,0,0,1
96,49479,1320,7337,-8654,-262,-1523,1789,0,0,0,0,0,1
97,50000,-513,8317,-7805,116,-1728,1608,0,0,0,0,0,1
98,50521,-2315,8985,-6663,490,-1862,1370,0,0,0,0,0,1
99,51042,-4034,9302,-5263,840,-1922,1080,0,0,0,0,0,1
100,51562,-5602,9257,-3660,1167,-1912,753,0,0,0,0,0,1
101,52083,-6952,8863,-1915,1444,-1831,388,0,0,0,0,0,1
102,52604,-8024,8128,-100,1667,-1677,14,0,0,0,0,0,1
103,53125,-8799,7079,1723,1824,-1458,-365,0,0,0,0,0,1
104,53646,-9241,5754,3479,1912,-1182,-728,0,0,0,0,0,1
105,54167,-9313,4211,5102,1925,-863,-1065,0,0,0,0,0,1
106,54688,-9028,2511,6525,1867,-507,-1357,0,0,0,0,0,1
107,55208,-8408,711,7698,1735,-134,-1598,0,0,0,0,0,1
108,55729,-7454,-1115,8580,1541,241,-1776,0,0,0,0,0,1
109,56250,-6222,-2905,9127,1279,610,-1892,0,0,0,0,0,1
110,56771,-4751,-4575,9325,977,955,-1932,0,0,0,0,0,1
111,57292,-3089,-6075,9163,630,1260,-1894,0,0,0,0,0,1
112,57812,-1318,-7344,8652,263,1526,-1788,0,0,0,0,0,1
113,58333,509,-8325,7806,-117,1724,-1611,0,0,0,0,0,1
114,58854,2316,-8980,6665,-486,1857,-1370,0,0,0,0,0,1
115,59375,4035,-9295,5266,-842,1926,-1079,0,0,0,0,0,1
116,59896,5597,-9264,3655,-1167,1918,-748,0,0,0,0,0,1
117,60417,6946,-8860,1914,-1445,1831,-389,0,0,0,0,0,1
118,60938,8022,-8130,96,-1664,1676,-12,0,0,0,0,0,1
119,61458,8799,-7084,-1726,-1825,1461,365,0,0,0,0,0,1
120,61979,9227,-5756,-3479,-1911,1183,729,0,0,0,0,0,1
121,62500,9307,-4211,-5095,-1922,862,1062,0,0,0,0,0,1
122,63021,9033,-2517,-6524,-1868,511,1355,0,0,0,0,0,1
123,63542,8410,-713,-7700,-1738,138,1597,0,0,0,0,0,1
124,64062,7461,1120,-8580,-1537,-243,1782,0,0,0,0,0,1
125,64583,6223,2899,-9128,-1280,-611,1892,0,0,0,0,0,1
126,65104,4749,4572,-9329,-973,-957,1930,0,0,0,0,0,1
127,65625,3093,6071,-9167,-630,-1263,1891,0,0,0,0,0,1
128,66146,1314,7343,-8655,-262,-1526,1785,0,0,0,0,0,1
129,66667,-507,8323,-7807,114,-1724,1611,0,0,0,0,0,1
130,67188,-2316,8983,-6663,490,-1861,1371,0,0,0,0,0,1
131,67708,-4033,9298,-5265,841,-1920,1080,0,0,0,0,0,1
132,68229,-5598,9260,-3663,1166,-1917,749,0,0,0,0,0,1
133,68750,-6950,8862,-1917,1447,-1829,385,0,0,0,0,0,1
134,69271,-8025,8126,-97,1669,-1673,13,0,0,0,0,0,1
135,69792,-8802,7075,1718,1822,-1459,-368,0,0,0,0,0,1
136,70312,-9234,5753,3475,1914,-1180,-730,0,0,0,0,0,1
137,70833,-9310,4215,5093,1926,-860,-1065,0,0,0,0,0,1
138,71354,-9034,2507,6516,1865,-511,-1357,0,0,0,0,0,1
139,71875,-8407,713,7698,1736,-137,-1600,0,0,0,0,0,1
140,72396,-7459,-1111,8577,1538,239,-1782,0,0,0,0,0,1
141,72917,-6225,-2902,9124,1280,611,-1889,0,0,0,0,0,1
142,73438,-4748,-4571,9324,971,958,-1932,0,0,0,0,0,1
143,73958,-3089,-6073,9162,632,1261,-1890,0,0,0,0,0,1
144,74479,-1313,-7342,8660,261,1523,-1787,0,0,0,0,0,1
145,75000,509,-8319,7809,-116,1725,-1609,0,0,0,0,0,1
146,75521,2320,-8981,6661,-492,1864,-1372,0,0,0,0,0,1
147,76042,4032,-9297,5265,-844,1923,-1081,0,0,0,0,0,1
148,76562,5598,-9257,3661,-1165,1917,-748,0,0,0,0,0,1
149,77083,6945,-8862,1915,-1443,1827,-385,0,0,0,0,0,1
150,77604,8034,-8131,100,-1663,1678,-8,0,0,0,0,0,1
151,78125,8794,-7072,-1723,-1825,1456,366,0,0,0,0,0,1
152,78646,9232,-5753,-3478,-1913,1180,730,0,0,0,0,0,1
153,79167,9313,-4216,-5100,-1925,863,1065,0,0,0,0,0,1
154,79688,9029,-2513,-6519,-1864,509,1361,0,0,0,0,0,1
155,80208,8406,-709,-7696,-1734,137,1601,0,0,0,0,0,1
156,80729,7459,1116,-8574,-1537,-246,1776,0,0,0,0,0,1
157,81250,6220,2903,-9128,-1281,-608,1890,0,0,0,0,0,1
158,81771,4747,4573,-9327,-975,-956,1929,0,0,0,0,0,1
159,82292,3093,6071,-9167,-631,-1266,1893,0,0,0,0,0,1
160,82812,1320,7340,-8648,-260,-1525,1786,0,0,0,0,0,1
161,83333,-511,8322,-7805,120,-1728,1612,0,0,0,0,0,1
162,83854,-2321,8983,-6660,492,-1862,1372,0,0,0,0,0,1
163,84375,-4036,9301,-5262,845,-1924,1080,0,0,0,0,0,1
164,84896,-5596,9258,-3663,1166,-1913,748,0,0,0,0,0,1
165,85417,-6947,8857,-1918,1447,-1833,387,0,0,0,0,0,1
166,85938,-8030,8129,-100,1668,-1673,9,0,0,0,0,0,1
167,86458,-8802,7076,1717,1823,-1457,-368,0,0,0,0,0,1
168,86979,-9232,5757,3472,1910,-1184,-731,0,0,0,0,0,1
169,87500,-9312,4219,5098,1922,-863,-1061,0,0,0,0,0,1
170,88021,-9033,2511,6523,1867,-507,-1357,0,0,0,0,0,1
171,88542,-8410,708,7701,1733,-136,-1599,0,0,0,0,0,1
172,89062,-7456,-1117,8581,1537,243,-1778,0,0,0,0,0,1
173,89583,-6224,-2901,9129,1282,610,-1889,0,0,0,0,0,1
174,90104,-4748,-4577,9326,975,958,-1927,0,0,0,0,0,1
175,90625,-3097,-6074,9169,626,1264,-1893,0,0,0,0,0,1
176,91146,-1314,-7331,8658,263,1525,-1785,0,0,0,0,0,1
177,91667,514,-8324,7810,-118,1724,-1610,0,0,0,0,0,1
178,92188,2314,-8982,6666,-493,1866,-1373,0,0,0,0,0,1
179,92708,4036,-9294,5261,-845,1925,-1082,0,0,0,0,0,1
180,93229,5602,-9255,3657,-1168,1914,-749,0,0,0,0,0,1
181,93750,6945,-8857,1917,-1442,1826,-384,0,0,0,0,0,1
182,94271,8021,-8128,101,-1670,1680,-12,0,0,0,0,0,1
183,94792,8801,-7076,-1722,-1824,1459,370,0,0,0,0,0,1
184,95312,9231,-5761,-3473,-1913,1180,727,0,0,0,0,0,1
185,95833,9308,-4218,-5102,-1923,859,1067,0,0,0,0,0,1
186,96354,9032,-2509,-6524,-1866,509,1361,0,0,0,0,0,1
187,96875,8405,-712,-7698,-1736,136,1600,0,0,0,0,0,1
188,97396,7460,1116,-8580,-1533,-241,1779,0,0,0,0,0,1
189,97917,6227,2910,-9123,-1277,-610,1890,0,0,0,0,0,1
190,98438,4748,4582,-9322,-974,-955,1926,0,0,0,0,0,1
191,98958,3090,6078,-9169,-631,-1262,1894,0,0,0,0,0,1
192,99479,1313,7339,-8656,-259,-1522,1790,0,0,0,0,0,1
193,100000,-511,8317,-7814,113,-1727,1610,0,0,0,0,0,1
194,100521,-2320,8988,-6665,491,-1861,1373,0,0,0,0,0,1
195,101042,-4037,9295,-5266,847,-1924,1079,0,0,0,0,0,1
196,101562,-5595,9260,-3658,1167,-1916,745,0,0,0,0,0,1
197,102083,-6947,8863,-1917,1441,-1831,386,0,0,0,0,0,1
198,102604,-8031,8127,-99,1664,-1676,14,0,0,0,0,0,1
199,103125,-8799,7072,1720,1828,-1458,-366,0,0,0,0,0,1
200,103646,-9228,5758,3479,1914,-1184,-732,0,0,0,0,0,1
201,104167,-9314,4214,5097,1924,-866,-1065,0,0,0,0,0,1
202,104688,-9029,2510,6524,1872,-510,-1358,0,0,0,0,0,1
203,105208,-8409,707,7698,1734,-132,-1600,0,0,0,0,0,1
204,105729,-7453,-1117,8578,1536,242,-1778,0,0,0,0,0,1
205,106250,-6217,-2905,9120,1277,608,-1890,0,0,0,0,0,1
206,106771,-4751,-4578,9329,973,956,-1932,0,0,0,0,0,1
207,107292,-3094,-6071,9160,629,1263,-1895,0,0,0,0,0,1
208,107812,-1317,-7341,8648,261,1527,-1784,0,0,0,0,0,1
209,108333,513,-8322,7804,-118,1729,-1613,0,0,0,0,0,1
210,108854,2316,-8981,6667,-492,1862,-1370,0,0,0,0,0,1
211,109375,4031,-9302,5264,-844,1925,-1082,0,0,0,0,0,1
212,109896,5600,-9254,3661,-1166,1914,-751,0,0,0,0,0,1
213,110417,6939,-8861,1918,-1442,1826,-382,0,0,0,0,0,1
214,110938,8033,-8128,91,-1669,1680,-12,0,0,0,0,0,1
215,111458,8801,-7077,-1729,-1820,1454,367,0,0,0,0,0,1
216,111979,9238,-5752,-3481,-1914,1184,728,0,0,0,0,0,1
217,112500,9311,-4216,-5103,-1927,864,1069,0,0,0,0,0,1
218,113021,9030,-2510,-6524,-1866,507,1358,0,0,0,0,0,1
219,113542,8403,-703,-7703,-1735,139,1597,0,0,0,0,0,1
220,114062,7461,1115,-8582,-1540,-241,1777,0,0,0,0,0,1
221,114583,6229,2902,-9130,-1281,-611,1894,0,0,0,0,0,1
222,115104,4753,4575,-9324,-973,-955,1930,0,0,0,0,0,1
223,115625,3087,6077,-9166,-629,-1261,1897,0,0,0,0,0,1
224,116146,1315,7337,-8658,-261,-1521,1783,0,0,0,0,0,1
225,116667,-509,8322,-7809,121,-1724,1607,0,0,0,0,0,1
226,117188,-2321,8979,-6664,488,-1863,1376,0,0,0,0,0,1
227,117708,-4031,9301,-5258,845,-1925,1077,0,0,0,0,0,1
228,118229,-5598,9260,-3659,1164,-1919,747,0,0,0,0,0,1
229,118750,-6940,8859,-1914,1442,-1833,386,0,0,0,0,0,1
230,119271,-8024,8122,-99,1668,-1675,11,0,0,0,0,0,1
231,119792,-8796,7079,1721,1824,-1458,-368,0,0,0,0,0,1
232,120312,-9230,5755,3477,1908,-1183,-729,0,0,0,0,0,1
233,120833,-9311,4208,5093,1926,-861,-1066,0,0,0,0,0,1
234,121354,-9030,2509,6526,1864,-512,-1356,0,0,0,0,0,1
235,121875,-8404,711,7700,1735,-135,-1599,0,0,0,0,0,1
236,122396,-7459,-1121,8579,1536,244,-1777,0,0,0,0,0,1
237,122917,-6220,-2904,9125,1282,612,-1892,0,0,0,0,0,1
238,123438,-4755,-4577,9323,975,958,-1932,0,0,0,0,0,1
239,123958,-3087,-6074,9166,631,1262,-1892,0,0,0,0,0,1
240,124479,-1320,-7339,8651,263,1523,-1786,0,0,0,0,0,1
241,125000,508,-8321,7808,-116,1726,-1611,0,0,0,0,0,1
242,125521,2312,-8977,6661,-490,1858,-1372,0,0,0,0,0,1
243,126042,4038,-9299,5267,-846,1926,-1078,0,0,0,0,0,1
244,126562,5603,-9259,3656,-1169,1912,-747,0,0,0,0,0,1
245,127083,6941,-8857,1914,-1441,1829,-384,0,0,0,0,0,1
246,127604,8024,-8127,99,-1660,1676,-11,0,0,0,0,0,1
247,128125,8795,-7079,-1723,-1821,1457,367,0,0,0,0,0,1
248,128646,9233,-5755,-3479,-1912,1183,732,0,0,0,0,0,1
249,129167,9312,-4212,-5099,-1926,861,1064,0,0,0,0,0,1
250,129688,9029,-2507,-6520,-1870,511,1356,0,0,0,0,0,1
251,130208,8409,-713,-7702,-1734,136,1598,0,0,0,0,0,1
252,130729,7456,1116,-8580,-1536,-238,1779,0,0,0,0,0,1
253,131250,6221,2904,-9126,-1277,-610,1892,0,0,0,0,0,1
254,131771,4748,4574,-9327,-974,-953,1930,0,0,0,0,0,1
255,132292,3094,6076,-9170,-632,-1266,1894,0,0,0,0,0,1
256,132812,1315,7331,-8651,-264,-1520,1786,0,0,0,0,0,1
257,133333,-510,8316,-7805,114,-1726,1606,0,0,0,0,0,1
258,133854,-2315,8983,-6661,488,-1860,1370,0,0,0,0,0,1
259,134375,-4036,9298,-5267,845,-1926,1080,0,0,0,0,0,1
260,134896,-5601,9253,-3661,1166,-1913,749,0,0,0,0,0,1
261,135417,-6948,8858,-1912,1443,-1828,386,0,0,0,0,0,1
262,135938,-8024,8125,-98,1671,-1675,13,0,0,0,0,0,1
263,136458,-8793,7077,1721,1825,-1456,-367,0,0,0,0,0,1
264,136979,-9232,5750,3483,1910,-1185,-727,0,0,0,0,0,1
265,137500,-9311,4217,5101,1928,-859,-1064,0,0,0,0,0,1
266,138021,-9036,2511,6524,1868,-509,-1359,0,0,0,0,0,1
267,138542,-8410,709,7696,1735,-136,-1599,0,0,0,0,0,1
268,139062,-7452,-1118,8577,1538,242,-1779,0,0,0,0,0,1
269,139583,-6226,-2903,9127,1277,608,-1895,0,0,0,0,0,1
270,140104,-4750,-4579,9314,972,956,-1931,0,0,0,0,0,1
271,140625,-3090,-6071,9165,629,1266,-1894,0,0,0,0,0,1
272,141146,-1314,-7340,8655,264,1524,-1784,0,0,0,0,0,1
273,141667,511,-8318,7812,-114,1725,-1608,0,0,0,0,0,1
274,142188,2317,-8984,6667,-491,1858,-1373,0,0,0,0,0,1
275,142708,4040,-9294,5265,-847,1922,-1078,0,0,0,0,0,1
276,143229,5605,-9255,3656,-1166,1914,-745,0,0,0,0,0,1
277,143750,6949,-8865,1914,-1444,1832,-387,0,0,0,0,0,1
278,144271,8024,-8121,97,-1664,1674,-12,0,0,0,0,0,1
279,144792,8795,-7079,-1721,-1825,1454,369,0,0,0,0,0,1
280,145312,9235,-5756,-3478,-1913,1183,729,0,0,0,0,0,1
281,145833,9309,-4213,-5099,-1925,865,1065,0,0,0,0,0,1
282,146354,9034,-2511,-6523,-1869,510,1358,0,0,0,0,0,1
283,146875,8403,-708,-7703,-1732,137,1596,0,0,0,0,0,1
284,147396,7458,1120,-8576,-1535,-241,1778,0,0,0,0,0,1
285,147917,6224,2902,-9127,-1280,-611,1888,0,0,0,0,0,1
286,148438,4747,4578,-9328,-975,-956,1935,0,0,0,0,0,1
287,148958,3094,6076,-9164,-628,-1262,1894,0,0,0,0,0,1
288,149479,1315,7338,-8654,-263,-1524,1786,0,0,0,0,0,1
289,150000,-515,8318,-7807,115,-1726,1612,0,0,0,0,0,1
290,150521,-2321,8983,-6667,487,-1860,1374,0,0,0,0,0,1
291,151042,-4038,9301,-5267,845,-1926,1080,0,0,0,0,0,1
292,151562,-5592,9262,-3659,1165,-1916,750,0,0,0,0,0,1
293,152083,-6946,8858,-1915,1447,-1832,389,0,0,0,0,0,1
294,152604,-8024,8122,-97,1664,-1676,13,0,0,0,0,0,1
295,153125,-8799,7068,1721,1825,-1456,-369,0,0,0,0,0,1
296,153646,-9236,5754,3480,1910,-1185,-727,0,0,0,0,0,1
297,154167,-9314,4216,5105,1926,-863,-1066,0,0,0,0,0,1
298,154688,-9035,2512,6520,1869,-512,-1355,0,0,0,0,0,1
299,155208,-8406,711,7699,1733,-136,-1600,0,0,0,0,0,1
300,155729,-7455,-1121,8577,1539,242,-1777,0,0,0,0,0,1
301,156250,-6223,-2902,9129,1280,611,-1890,0,0,0,0,0,1
302,156771,-4752,-4576,9318,973,956,-1931,0,0,0,0,0,1
303,157292,-3091,-6073,9165,629,1264,-1891,0,0,0,0,0,1
304,157812,-1316,-7340,8652,261,1527,-1784,0,0,0,0,0,1
305,158333,514,-8320,7806,-113,1726,-1610,0,0,0,0,0,1
306,158854,2321,-8982,6657,-490,1859,-1368,0,0,0,0,0,1
307,159375,4035,-9294,5263,-845,1927,-1079,0,0,0,0,0,1
308,159896,5602,-9256,3657,-1162,1914,-746,0,0,0,0,0,1
309,160417,6935,-8859,1917,-1445,1828,-387,0,0,0,0,0,1
310,160938,8022,-8127,104,-1667,1675,-9,0,0,0,0,0,1
311,161458,8801,-7078,-1730,-1825,1457,368,0,0,0,0,0,1
312,161979,9235,-5756,-3476,-1911,1184,730,0,0,0,0,0,1
313,162500,9312,-4215,-5098,-1931,863,1063,0,0,0,0,0,1
314,163021,9035,-2501,-6524,-1868,509,1351,0,0,0,0,0,1
315,163542,8409,-713,-7694,-1734,139,1597,0,0,0,0,0,1
316,164062,7459,1119,-8579,-1537,-241,1776,0,0,0,0,0,1
317,164583,6216,2905,-9128,-1279,-613,1886,0,0,0,0,0,1
318,165104,4751,4581,-9323,-973,-954,1931,0,0,0,0,0,1
319,165625,3090,6070,-9171,-631,-1262,1897,0,0,0,0,0,1
320,166146,1319,7339,-8658,-261,-1525,1784,0,0,0,0,0,1
321,166667,-510,4288,-3773,117,-1722,1609,0,0,0,0,0,1
322,167188,-2315,5192,-2869,488,1042,-1534,0,0,0,0,0,1
323,167708,-4034,5889,-1857,842,3608,-4447,0,0,0,0,0,1
324,168229,-5600,6362,-765,1164,5862,-7028,0,0,0,0,0,1
325,168750,-6950,6595,353,1445,7731,-9173,0,0,0,0,0,1
326,169271,-8026,6568,1458,1664,9140,-10800,0,0,0,0,0,1
327,169792,-8803,6297,2510,1820,10038,-11865,0,0,0,0,0,1
328,170312,-9233,5778,3453,1913,10406,-12314,0,0,0,0,0,1
329,170833,-9311,5035,4269,1923,10216,-12144,0,0,0,0,0,1
330,171354,-9033,4102,4928,1865,9492,-11355,0,0,0,0,0,1
331,171875,-8407,3011,5390,1732,8253,-9992,0,0,0,0,0,1
332,172396,-7460,1804,5651,1537,6556,-8093,0,0,0,0,0,1
333,172917,-6220,530,5688,1280,4473,-5754,0,0,0,0,0,1
334,173438,-4752,-771,5513,979,2080,-3056,0,0,0,0,0,1
335,173958,-3088,-2040,5126,630,-525,-106,0,0,0,0,0,1
336,174479,-1317,-3217,4536,262,-3236,2976,0,0,0,0,0,1
337,175000,513,-4285,3778,-116,-5955,6069,0,0,0,0,0,1
338,175521,2324,-5189,2871,-489,-8567,9060,0,0,0,0,0,1
339,176042,4037,-5888,1848,-841,-10974,11818,0,0,0,0,0,1
340,176562,5598,-6366,764,-1165,-13075,14245,0,0,0,0,0,1
341,177083,6951,-6597,-346,-1447,-14795,16240,0,0,0,0,0,1
342,177604,8027,-6569,-1456,-1667,-16057,17728,0,0,0,0,0,1
343,178125,8796,-6293,-2499,-1824,-16821,18641,0,0,0,0,0,1
344,178646,9228,-5777,-3461,-1914,-17040,18955,0,0,0,0,0,1
345,179167,9316,-5037,-4270,-1929,-16718,18643,0,0,0,0,0,1
346,179688,9032,-4109,-4930,-1868,-15852,17724,0,0,0,0,0,1
347,180208,8404,-3012,-5399,-1731,-14488,16226,0,0,0,0,0,1
348,180729,7457,-1807,-5657,-1536,-12666,14201,0,1,1,0,0,1
349,181250,6222,-531,-5698,-1279,-10458,11735,0,1,1,0,0,1
350,181771,4748,769,-5516,-972,-7939,8911,0,1,1,0,0,1
351,182292,3081,2031,-5131,-631,-5212,5846,0,1,1,1,1,1
352,182812,1318,3223,-4536,-261,-2383,2643,0,1,1,1,1,1
353,183333,-512,4286,-3774,119,454,-568,0,1,1,1,1,1
354,183854,-2319,5186,-2870,486,3178,-3666,0,1,1,1,1,1
355,184375,-4038,5888,-1855,845,5696,-6542,0,1,1,1,1,1
356,184896,-5600,6366,-772,1169,7903,-9072,0,1,1,1,1,1
357,185417,-6950,6592,350,1445,9731,-11178,0,1,1,1,1,1
358,185938,-8020,6572,1464,1665,11103,-12765,0,1,1,1,1,1
359,186458,-8800,6300,2506,1821,11963,-13790,0,1,1,1,1,1
360,186979,-9234,5776,3449,1911,12288,-14195,0,1,1,1,1,1
361,187500,-9312,5031,4276,1925,12057,-13989,0,1,1,1,1,1
362,188021,-9030,4103,4927,1868,11290,-13160,0,1,1,1,1,1
363,188542,-8405,3010,5390,1733,10021,-11756,0,1,1,1,1,1
364,189062,-7462,1806,5648,1534,8290,-9827,0,1,1,1,1,1
365,189583,-6224,531,5687,1280,6167,-7449,0,1,1,1,1,1
366,190104,-4747,-765,5517,974,3745,-4716,0,1,1,1,1,1
367,190625,-3088,-2038,5126,629,1105,-1732,0,1,1,1,1,1
368,191146,-1315,-3217,4534,260,-1643,1385,0,1,1,1,1,1
369,191667,508,-4285,3776,-119,-4394,4515,0,1,1,1,1,1
370,192188,2324,-5184,2870,-490,-7038,7530,0,1,1,1,1,1
371,192708,4034,-5890,1857,-847,-9478,10318,0,1,1,1,1,1
372,193229,5595,-6358,768,-1164,-11610,12778,0,1,1,1,1,1
373,193750,6941,-6591,-353,-1442,-13362,14801,0,1,1,1,1,1
374,194271,8029,-6568,-1452,-1667,-14655,16321,0,1,1,1,1,1
375,194792,8797,-6298,-2507,-1823,-15443,17266,0,1,1,1,1,1
376,195312,9238,-5778,-3456,-1915,-15693,17606,0,1,1,1,1,1
377,195833,9311,-5030,-4273,-1923,-15399,17320,0,1,1,1,1,1
378,196354,9036,-4110,-4926,-1865,-14564,16431,0,1,1,1,1,1
379,196875,8407,-3015,-5399,-1735,-13222,14956,0,1,1,1,1,1
380,197396,7457,-1807,-5650,-1535,-11426,12965,0,1,1,1,1,1
381,197917,6226,-533,-5693,-1279,-9241,10521,0,1,1,1,1,1
382,198438,4748,768,-5512,-975,-6748,7728,0,1,1,1,1,1
383,198958,3089,2039,-5124,-628,-4050,4677,0,1,1,1,1,1
384,199479,1319,3226,-4541,-267,-1243,1501,0,1,1,1,1,1
385,200000,-509,4289,-3779,117,1570,-1684,0,1,1,1,1,1
386,200521,-2321,5192,-2875,492,4273,-4762,0,1,1,1,1,1
387,201042,-4033,5889,-1854,845,6769,-7606,0,1,1,1,1,1
388,201562,-5598,6367,-766,1169,8959,-10125,0,1,1,1,1,1
389,202083,-6949,6593,351,1443,10761,-12205,0,1,1,1,1,1
390,202604,-8024,6573,1456,1665,12107,-13776,0,1,1,1,1,1
391,203125,-8796,6300,2502,1825,12953,-14772,0,1,1,1,1,1
392,203646,-9239,5778,3455,1912,13249,-15161,0,1,1,1,1,1
393,204167,-9313,5037,4276,1929,13007,-14934,0,1,1,1,1,1
394,204688,-9031,4104,4930,1866,12222,-14089,0,1,1,1,1,1
395,205208,-8415,3012,5391,1736,10927,-12664,0,1,1,1,1,1
396,205729,-7455,1805,5650,1538,9179,-10714,0,1,1,1,1,1
397,206250,-6221,525,5694,1282,7041,-8322,0,1,1,1,1,1
398,206771,-4747,-769,5513,972,4594,-5568,0,1,1,1,1,1
399,207292,-3088,-2036,5123,632,1937,-2567,0,1,1,1,1,1
400,207812,-1315,-3222,4537,260,-830,567,0,1,1,1,1,1
401,208333,507,-4288,3779,-116,-3592,3710,0,1,1,1,1,1
402,208854,2317,-5192,2870,-492,-6254,6745,0,1,1,1,1,1
403,209375,4031,-5889,1853,-848,-8710,9549,0,1,1,1,1,1
404,209896,5603,-6363,773,-1165,-10861,12025,0,1,1,1,1,1
405,210417,6947,-6596,-352,-1442,-12624,14068,0,1,1,1,1,1
406,210938,8032,-6567,-1453,-1666,-13933,15601,0,1,1,1,1,1
407,211458,8804,-6297,-2505,-1824,-14738,16560,0,1,1,1,1,1
408,211979,9238,-5780,-3452,-1911,-14999,16911,0,1,1,1,1,1
409,212500,9317,-5030,-4273,-1926,-14718,16642,0,1,1,1,1,1
410,213021,9031,-4098,-4931,-1868,-13899,15764,0,1,1,1,1,1
411,213542,8403,-3009,-5398,-1733,-12571,14307,0,1,1,1,1,1
412,214062,7460,-1809,-5651,-1537,-10783,12324,0,1,1,1,1,1
413,214583,6219,-533,-5695,-1280,-8618,9897,0,1,1,1,1,1
414,215104,4749,763,-5515,-975,-6138,7113,0,1,1,1,1,1
415,215625,3087,2031,-5125,-632,-3452,4084,0,1,1,1,1,1
416,216146,1315,3218,-4538,-261,-657,918,0,1,1,1,1,1
417,216667,-509,4284,-3782,117,2143,-2261,0,1,1,1,1,1
418,217188,-2313,5193,-2868,489,4835,-5323,0,1,1,1,1,1
419,217708,-4034,5891,-1850,843,7315,-8160,0,1,1,1,1,1
420,218229,-5598,6369,-764,1165,9496,-10663,0,1,1,1,1,1
421,218750,-6947,6598,356,1444,11291,-12733,0,1,1,1,1,1
422,219271,-8023,6569,1458,1667,12626,-14293,0,1,1,1,1,1
423,219792,-8800,6296,2508,1823,13459,-15279,0,1,1,1,1,1
424,220312,-9229,5776,3455,1914,13751,-15658,0,1,1,1,1,1
425,220833,-9311,5034,4273,1927,13491,-15414,0,1,1,1,1,1
426,221354,-9032,4103,4927,1866,12695,-14560,0,1,1,1,1,1
427,221875,-8405,3013,5391,1732,11394,-13126,0,1,1,1,1,1
428,222396,-7454,1807,5647,1537,9632,-11171,0,1,1,1,1,1
429,222917,-6218,532,5695,1279,7486,-8765,0,1,1,1,1,1
430,223438,-4750,-759,5515,973,5030,-6004,0,1,1,1,1,1
431,223958,-3094,-2037,5121,629,2367,-2996,0,1,1,1,1,1
432,224479,-1313,-3218,4535,259,-407,146,0,1,1,1,1,1
433,225000,508,-4294,3774,-116,-3181,3297,0,1,1,1,1,1
434,225521,2317,-5180,2873,-488,-5852,6343,0,1,1,1,1,1
435,226042,4033,-5891,1851,-844,-8315,9159,0,1,1,1,1,1
436,226562,5598,-6362,767,-1168,-10476,11639,0,1,1,1,1,1
437,227083,6571,-6192,-381,0,-12246,13689,0,1,1,1,1,1
438,227604,7725,-6196,-1541,3,-13850,15266,0,1,1,1,1,1
439,228125,8586,-5960,-2627,0,-14920,16306,0,1,1,1,1,1
440,228646,9119,-5494,-3628,-2,-15415,16770,0,1,1,1,1,1
441,229167,9294,-4810,-4481,-2,-15313,16644,0,1,1,1,1,1
442,229688,9119,-3955,-5157,-1,-14624,15927,0,1,1,1,1,1
443,230208,8590,-2940,-5648,2,-13369,14645,0,1,1,1,1,1
444,230729,7734,-1808,-5910,-4,-11598,12844,0,1,1,1,1,1
445,231250,6568,-621,-5954,0,-9380,10600,0,1,1,1,1,1
446,231771,5163,602,-5763,3,-6795,7992,0,1,1,1,1,1
447,232292,3566,5658,-9214,-1,1,3,0,1,1,1,1,0
448,232812,1814,6987,-8804,3,-1,2,0,1,1,1,1,0
449,233333,-3,8050,-8050,0,-2,-1,0,1,1,1,1,0
450,233854,-1814,8805,-6986,-3,0,-4,0,1,1,1,1,0
451,234375,-3549,9218,-5660,1,-1,-3,0,1,1,1,1,0
452,234896,-5165,9278,-4110,3,3,4,0,0,0,1,1,0
453,235417,-6570,8980,-2408,3,0,2,0,0,0,1,1,0
454,235938,-7730,8333,-609,2,-3,0,0,0,0,1,1,0
455,236458,-8586,7373,1211,0,2,0,0,0,0,1,1,0
456,236979,-9112,6131,2984,3,0,-1,0,0,0,1,1,0
457,237500,-9298,4649,4648,1,0,-1,0,0,0,1,1,0
458,238021,-9120,2991,6128,-1,1,3,0,0,0,1,1,0
459,238542,-8590,1206,7377,0,1,-3,0,0,0,1,1,0
460,239062,-7727,-606,8334,0,-1,-2,0,0,0,1,1,0
461,239583,-6573,-2399,8980,-2,4,1,0,0,0,1,1,0
462,240104,-5166,-4112,9276,-1,3,1,0,0,0,1,1,0
463,240625,-3557,-5660,9214,3,0,2,0,0,0,1,1,0
464,241146,-1815,-6989,8808,4,-1,4,0,0,0,0,1,0
465,241667,-1,-8048,8048,1,2,2,0,0,0,0,1,0
466,242188,1809,-8806,6987,-1,0,2,0,0,0,0,1,0
467,242708,3555,-9217,5665,-1,2,-1,0,0,0,0,1,0
468,243229,5165,-9270,4111,0,0,2,0,0,0,0,1,0
469,243750,6573,-8979,2407,4,-3,1,0,0,0,0,1,0
470,244271,7729,-8338,606,-1,-1,0,0,0,0,0,1,0
471,244792,8591,-7376,-1218,-1,-1,3,0,0,0,0,1,0
472,245312,9117,-6125,-2984,-1,2,2,0,0,0,0,1,0
473,245833,9297,-4650,-4651,1,0,-2,0,0,0,0,1,0
474,246354,9125,-2988,-6133,-2,2,3,0,0,0,0,1,0
475,246875,8595,-1216,-7377,0,1,0,0,0,0,0,1,0
476,247396,7730,606,-8340,-4,0,-4,0,0,0,0,1,0
477,247917,6573,2403,-8977,-1,1,4,0,0,0,0,1,0
478,248438,5164,4114,-9276,0,1,4,0,0,0,0,1,0
479,248958,3558,5659,-9216,-2,-2,2,0,0,0,0,1,0
480,249479,1811,6985,-8812,0,0,-2,0,0,0,0,1,0
481,250000,-6,8053,-8049,-2,1,1,0,0,0,0,1,0
482,250521,-1805,8806,-6995,-4,2,1,0,0,0,0,1,0
483,251042,-3556,9214,-5660,0,0,1,0,0,0,0,1,0
484,251562,-5165,9280,-4113,2,-2,-3,0,0,0,0,1,0
485,252083,-6575,8975,-2400,2,0,-1,0,0,0,0,1,0
486,252604,-7727,8337,-601,1,4,-2,0,0,0,0,1,0
487,253125,-8586,7370,1220,-3,1,-3,0,0,0,0,1,0
488,253646,-9119,6128,2991,0,0,2,0,0,0,0,1,0
489,254167,-9299,4646,4643,3,3,0,0,0,0,0,1,0
490,254688,-9119,2988,6132,-1,0,2,0,0,0,0,1,0
491,255208,-8591,1215,7375,-3,-3,1,0,0,0,0,1,0
492,255729,-7726,-604,8336,2,-2,1,0,0,0,0,1,0
493,256250,-6571,-2399,8980,-2,2,3,0,0,0,0,1,0
494,256771,-5162,-4108,9274,1,0,0,0,0,0,0,1,0
495,257292,-3562,-5656,9217,-2,-1,-3,0,0,0,0,1,0
496,257812,-1809,-6990,8799,-1,3,-2,0,0,0,0,1,0
497,258333,-4,-8052,8054,-1,3,-1,0,0,0,0,1,0
498,258854,1809,-8801,6992,3,-1,1,0,0,0,0,1,0
499,259375,3554,-9216,5659,-2,2,0,0,0,0,0,1,0
500,259896,5163,-9274,4115,0,0,1,0,0,0,0,1,0
501,260417,6570,-8975,2408,6,-1,-5,0,0,0,0,1,0
502,260938,7732,-8341,605,3,-1,2,0,0,0,0,1,0
503,261458,8583,-7371,-1213,0,-2,-2,0,0,0,0,1,0
504,261979,9114,-6126,-2990,0,-1,-2,0,0,0,0,1,0
505,262500,9296,-4644,-4650,-1,-1,0,0,0,0,0,1,0
506,263021,9112,-2989,-6130,0,-1,-8,0,0,0,0,1,0
507,263542,8586,-1209,-7376,1,-2,1,0,0,0,0,1,0
508,264062,7733,609,-8332,-1,0,0,0,0,0,0,1,0
509,264583,6571,2406,-8975,1,2,3,0,0,0,0,1,0
510,265104,5167,4111,-9276,-2,0,3,0,0,0,0,1,0
511,265625,3559,5660,-9215,-1,1,-1,0,0,0,0,1,0
512,266146,1820,6991,-8805,-3,-1,0,0,0,0,0,1,0
513,266667,4,8047,-8054,-2,5,0,0,0,0,0,1,0
514,267188,-1812,8801,-6994,-5,-3,-2,0,0,0,0,1,0
515,267708,-3555,9219,-5659,1,1,2,0,0,0,0,1,0
516,268229,-5163,9280,-4113,-3,1,3,0,0,0,0,1,0
517,268750,-6574,8977,-2412,2,3,-1,0,0,0,0,1,0
518,269271,-7730,8338,-612,-1,-3,0,0,0,0,0,1,0
519,269792,-8592,7373,1213,1,1,0,0,0,0,0,1,0
520,270312,-9115,6127,2984,0,-2,2,0,0,0,0,1,0
521,270833,-9299,4648,4650,2,0,2,0,0,0,0,1,0
522,271354,-9113,2989,6128,2,1,-3,0,0,0,0,1,0
523,271875,-8586,1211,7371,-1,0,1,0,0,0,0,1,0
524,272396,-7727,-614,8338,0,4,3,0,0,0,0,1,0
525,272917,-6573,-2405,8982,-2,2,1,0,0,0,0,1,0
526,273438,-5168,-4115,9274,0,2,-1,0,0,0,0,1,0
527,273958,-3556,-5656,9213,4,3,-2,0,0,0,0,1,0
528,274479,-1817,-6985,8800,1,1,-4,0,0,0,0,1,0
529,275000,1,-8046,8051,-2,0,-1,0,0,0,0,1,0
530,275521,1810,-8801,6987,-1,0,-2,0,0,0,0,1,0
531,276042,3563,-9223,5663,-3,-1,0,0,0,0,0,1,0
532,276562,5167,-9275,4109,2,1,-1,0,0,0,0,1,0
533,277083,6576,-8980,2400,-3,-1,-2,0,0,0,0,1,0
534,277604,7729,-8338,606,3,1,0,0,0,0,0,1,0
535,278125,8589,-7380,-1213,-3,0,-1,0,0,0,0,1,0
536,278646,9116,-6128,-2985,2,-3,1,0,0,0,0,1,0
537,279167,9300,-4647,-4646,-2,0,0,0,0,0,0,1,0
538,279688,9120,-2990,-6131,1,-3,-1,0,0,0,0,1,0
539,280208,8587,-1210,-7378,-3,-1,-2,0,0,0,0,1,0
540,280729,7728,610,-8334,1,3,-2,0,0,0,0,1,0
541,281250,6574,2405,-8975,1,-3,-3,0,0,0,0,1,0
542,281771,5164,4111,-9277,1,-2,-2,0,0,0,0,1,0
543,282292,3558,5664,-9220,0,0,1,0,0,0,0,1,0
544,282812,1814,6990,-8807,-3,-3,-2,0,0,0,0,1,0
545,283333,2,8053,-8049,0,2,-2,0,0,0,0,1,0
546,283854,-1811,8801,-6988,0,0,-2,0,0,0,0,1,0
547,284375,-3566,9216,-5661,-1,-1,2,0,0,0,0,1,0
548,284896,-5162,9277,-4107,-4,0,0,0,0,0,0,1,0
549,285417,-6566,8981,-2409,3,-2,-3,0,0,0,0,1,0
550,285938,-7724,8339,-608,-5,-2,1,0,0,0,0,1,0
551,286458,-8585,7377,1209,-1,0,-1,0,0,0,0,1,0
552,286979,-9122,6130,2992,-1,0,-3,0,0,0,0,1,0
553,287500,-9303,4652,4655,1,1,1,0,0,0,0,1,0
554,288021,-9118,2987,6129,-2,-2,1,0,0,0,0,1,0
555,288542,-8588,1216,7375,-1,3,1,0,0,0,0,1,0
556,289062,-7730,-607,8334,-2,-2,2,0,0,0,0,1,0
557,289583,-6566,-2406,8981,1,0,-5,0,0,0,0,1,0
558,290104,-5167,-4109,9278,1,0,-1,0,0,0,0,1,0
559,290625,-3555,-5657,9214,0,3,-2,0,0,0,0,1,0
560,291146,-1816,-6986,8804,-1,-2,-1,0,0,0,0,1,0
561,291667,3,-8048,8050,0,1,-5,0,0,0,0,1,0
562,292188,1814,-8801,6993,-2,1,2,0,0,0,0,1,0
563,292708,3554,-9218,5660,0,0,-1,0,0,0,0,1,0
564,293229,5164,-9278,4109,-1,2,3,0,0,0,0,1,0
565,293750,6574,-8979,2410,-1,0,0,0,0,0,0,1,0
566,294271,7727,-8335,614,1,-3,-1,0,0,0,0,1,0
567,294792,8585,-7373,-1214,2,0,-4,0,0,0,0,1,0
568,295312,9117,-6130,-2987,0,0,-2,0,0,0,0,1,0
569,295833,9295,-4643,-4652,2,-3,-1,0,0,0,0,1,0
570,296354,9113,-2988,-6130,-1,-2,7,0,0,0,0,1,0
571,296875,8584,-1212,-7371,0,-3,0,0,0,0,0,1,0
572,297396,7731,609,-8336,2,-2,-2,0,0,0,0,1,0
573,297917,6578,2407,-8984,2,1,2,0,0,0,0,1,0
574,298438,5162,4114,-9277,-1,-3,-2,0,0,0,0,1,0
575,298958,3560,5655,-9216,1,3,-1,0,0,0,0,1,0
576,299479,1812,6992,-8801,1,-2,-1,0,0,0,0,1,0
577,300000,2,8055,-8053,0,-2,0,0,0,0,0,1,0
578,300521,-1814,8798,-6989,0,-3,-1,0,0,0,0,1,0
579,301042,-3553,9218,-5658,0,0,0,0,0,0,0,1,0
580,301562,-5164,9276,-4107,-1,-1,2,0,0,0,0,1,0
581,302083,-6575,8983,-2404,1,-1,-2,0,0,0,0,1,0
582,302604,-7727,8340,-607,-4,2,4,0,0,0,0,1,0
583,303125,-8587,7372,1212,3,0,1,0,0,0,0,1,0
584,303646,-9115,6129,2988,1,2,-1,0,0,0,0,1,0
585,304167,-9298,4649,4653,-1,-1,2,0,0,0,0,1,0
586,304688,-9118,2989,6127,-3,-1,-2,0,0,0,0,1,0
587,305208,-8584,1214,7374,3,0,0,0,0,0,0,1,0
588,305729,-7728,-602,8335,0,2,4,0,0,0,0,1,0
589,306250,-6578,-2411,8974,1,1,2,0,0,0,0,1,0
590,306771,-5167,-4113,9278,-1,-1,-2,0,0,0,0,1,0
591,307292,-3556,-5656,9213,-2,1,-1,0,0,0,0,1,0
592,307812,-1811,-6985,8804,-1,0,0,0,0,0,0,1,0
593,308333,-2,-8054,8055,-1,0,2,0,0,0,0,1,0
594,308854,1813,-8796,6988,0,-3,-2,0,0,0,0,1,0
595,309375,3557,-9218,5662,1,0,-5,0,0,0,0,1,0
596,309896,5167,-9278,4107,3,-1,3,0,0,0,0,1,0
597,310417,6575,-8979,2403,-2,1,-3,0,0,0,0,1,0
598,310938,7729,-8333,607,-4,-1,4,0,0,0,0,1,0
599,311458,8586,-7377,-1210,3,0,0,0,0,0,0,1,0
600,311979,9112,-6129,-2991,-2,0,4,0,0,0,0,1,0
601,312500,9291,-4647,-4646,2,4,3,0,0,0,0,1,0
602,313021,9117,-2989,-6132,0,1,-2,0,0,0,0,1,0
603,313542,8589,-1208,-7374,0,-3,6,0,0,0,0,1,0
604,314062,7732,614,-8341,-2,-1,2,0,0,0,0,1,0
605,314583,6575,2409,-8975,-1,-1,0,0,0,0,0,1,0
606,315104,5170,4109,-9277,-1,1,-1,0,0,0,0,1,0
607,315625,3554,5661,-9218,1,3,-1,0,0,0,0,1,0
608,316146,1813,6992,-8804,0,1,2,0,0,0,0,1,0
609,316667,1,8056,-8049,0,1,-1,0,0,0,0,1,0
610,317188,-1816,8802,-6990,0,-1,-3,0,0,0,0,1,0
611,317708,-3555,9217,-5657,-2,-3,-2,0,0,0,0,1,0
612,318229,-5164,9279,-4110,1,0,1,0,0,0,0,1,0
613,318750,-6568,8975,-2401,2,1,-4,0,0,0,0,1,0
614,319271,-7730,8342,-606,-1,-1,-3,0,0,0,0,1,0
615,319792,-8586,7378,1213,-2,2,-3,0,0,0,0,1,0
616,320312,-9118,6134,2988,-2,5,-5,0,0,0,0,1,0
617,320833,-9298,4651,4647,-2,0,0,0,0,0,0,1,0
618,321354,-9118,2987,6127,0,-6,1,0,0,0,0,1,0
619,321875,-8589,1210,7371,2,-2,0,0,0,0,0,1,0
620,322396,-7729,-607,8335,1,-2,0,0,0,0,0,1,0
621,322917,-6575,-2403,8977,-2,0,-2,0,0,0,0,1,0
622,323438,-5168,-4112,9277,4,1,2,0,0,0,0,1,0
623,323958,-3560,-5658,9214,-1,-3,0,0,0,0,0,1,0
624,324479,-1818,-6996,8806,-1,0,2,0,0,0,0,1,0
625,325000,3,-8057,8048,-4,-2,0,0,0,0,0,1,0
626,325521,1811,-8805,6987,0,2,-1,0,0,0,0,1,0
627,326042,3555,-9216,5665,-1,-1,-2,0,0,0,0,1,0
628,326562,5160,-9276,4111,-3,2,2,0,0,0,0,1,0
629,327083,6571,-8982,2411,2,-1,-1,0,0,0,0,1,0
630,327604,7731,-8335,610,-1,-1,-4,0,0,0,0,1,0
631,328125,8588,-7377,-1218,-1,1,2,0,0,0,0,1,0
632,328646,9113,-6128,-2983,1,1,2,0,0,0,0,1,0
633,329167,9293,-4651,-4647,-4,-3,1,0,0,0,0,1,0
634,329688,9118,-2989,-6130,-2,0,1,0,0,0,0,1,0
635,330208,8587,-1210,-7371,-1,2,-1,0,0,0,0,1,0
636,330729,7730,613,-8338,-1,0,1,0,0,0,0,1,0
637,331250,6576,2405,-8979,-1,1,3,0,0,0,0,1,0
638,331771,5169,4117,-9276,2,0,3,0,0,0,0,1,0
639,332292,3556,5657,-9224,1,-3,0,0,0,0,0,1,0
640,332812,1817,6986,-8803,-2,1,-1,0,0,0,0,1,0
