1,0,-2033,9139,-7098,-135,1873,-1743,0,0,0,0,0,1
2,521,-3831,9528,-5707,-537,2019,-1476,0,0,0,0,0,1
3,1042,-5473,9558,-4093,-920,2091,-1161,0,0,0,0,0,1
4,1562,-6900,9220,-2324,-1269,2072,-802,0,0,0,0,0,1
5,2083,-8066,8525,-461,-1572,1978,-410,0,0,0,0,0,1
6,2604,-8926,7509,1418,-1809,1812,3,0,0,0,0,0,1
7,3125,-9436,6195,3240,-1979,1571,404,0,0,0,0,0,1
8,3646,-9597,4648,4943,-2074,1272,800,0,0,0,0,0,1
9,4167,-9380,2926,6452,-2085,926,1160,0,0,0,0,0,1
10,4688,-8799,1079,7711,-2022,542,1475,0,0,0,0,0,1
11,5208,-7876,-802,8677,-1877,138,1738,0,0,0,0,0,1
12,5729,-6656,-2645,9306,-1660,-272,1928,0,0,0,0,0,1
13,6250,-5193,-4395,9579,-1379,-670,2051,0,0,0,0,0,1
14,6771,-3513,-5972,9491,-1046,-1046,2089,0,0,0,0,0,1
15,7292,-1703,-7327,9028,-670,-1375,2050,0,0,0,0,0,1
16,7812,168,-8392,8225,-274,-1665,1935,0,0,0,0,0,1
17,8333,2035,-9134,7101,133,-1875,1742,0,0,0,0,0,1
18,8854,3829,-9531,5704,539,-2018,1481,0,0,0,0,0,1
19,9375,5469,-9558,4095,916,-2085,1164,0,0,0,0,0,1
20,9896,6903,-9218,2317,1273,-2071,800,0,0,0,0,0,1
21,10417,8072,-8530,455,1572,-1979,410,0,0,0,0,0,1
22,10938,8923,-7507,-1424,1810,-1811,4,0,0,0,0,0,1
23,11458,9438,-6198,-3242,1983,-1577,-405,0,0,0,0,0,1
24,11979,9591,-4643,-4936,2072,-1275,-798,0,0,0,0,0,1
25,12500,9373,-2923,-6452,2084,-926,-1159,0,0,0,0,0,1
26,13021,8798,-1081,-7715,2018,-543,-1475,0,0,0,0,0,1
27,13542,7886,795,-8674,1873,-139,-1737,0,0,0,0,0,1
28,14062,6659,2647,-9305,1660,273,-1934,0,0,0,0,0,1
29,14583,5189,4390,-9585,1383,671,-2053,0,0,0,0,0,1
30,15104,3511,5976,-9484,1046,1045,-2090,0,0,0,0,0,1
31,15625,1700,7316,-9029,676,1379,-2052,0,0,0,0,0,1
32,16146,-169,8391,-8221,276,1659,-1934,0,0,0,0,0,1
33,16667,-2041,9141,-7099,-136,1876,-1741,0,0,0,0,0,1
34,17188,-3826,9530,-5704,-541,2022,-1481,0,0,0,0,0,1
35,17708,-5470,9559,-4091,-924,2087,-1162,0,0,0,0,0,1
36,18229,-6904,9219,-2314,-1268,2074,-798,0,0,0,0,0,1
37,18750,-8066,8529,-460,-1574,1979,-406,0,0,0,0,0,1
38,19271,-8928,7507,1420,-1809,1811,-1,0,0,0,0,0,1
39,19792,-9438,6198,3245,-1981,1575,403,0,0,0,0,0,1
40,20312,-9594,4648,4943,-2070,1276,798,0,0,0,0,0,1
41,20833,-9366,2922,6447,-2085,928,1157,0,0,0,0,0,1
42,21354,-8796,1087,7716,-2021,541,1480,0,0,0,0,0,1
43,21875,-7877,-794,8676,-1871,136,1738,0,0,0,0,0,1
44,22396,-6661,-2644,9310,-1658,-269,1936,0,0,0,0,0,1
45,22917,-5189,-4393,9584,-1380,-670,2050,0,0,0,0,0,1
46,23438,-3517,-5973,9490,-1047,-1046,2090,0,0,0,0,0,1
47,23958,-1705,-7322,9033,-674,-1380,2051,0,0,0,0,0,1
48,24479,173,-8392,8218,-276,-1658,1935,0,0,0,0,0,1
49,25000,2037,-9137,7100,138,-1872,1742,0,0,0,0,0,1
50,25521,3827,-9530,5699,540,-2020,1481,0,0,0,0,0,1
51,26042,5467,-9562,4095,922,-2084,1164,0,0,0,0,0,1
52,26562,6904,-9219,2314,1270,-2072,800,0,0,0,0,0,1
53,27083,8067,-8530,458,1571,-1980,410,0,0,0,0,0,1
54,27604,8926,-7505,-1422,1812,-1810,3,0,0,0,0,0,1
55,28125,9443,-6190,-3246,1980,-1576,-406,0,0,0,0,0,1
56,28646,9590,-4649,-4940,2073,-1276,-797,0,0,0,0,0,1
57,29167,9374,-2920,-6455,2089,-928,-1164,0,0,0,0,0,1
58,29688,8793,-1084,-7715,2020,-541,-1475,0,0,0,0,0,1
59,30208,7878,798,-8675,1881,-134,-1739,0,0,0,0,0,1
60,30729,6663,2646,-9307,1657,274,-1930,0,0,0,0,0,1
61,31250,5191,4394,-9576,1380,671,-2050,0,0,0,0,0,1
62,31771,3518,5980,-9491,1048,1040,-2092,0,0,0,0,0,1
63,32292,1711,7318,-9026,674,1376,-2048,0,0,0,0,0,1
64,32812,-168,8393,-8223,276,1659,-1932,0,0,0,0,0,1
65,33333,-2040,9136,-7097,-133,1874,-1741,0,0,0,0,0,1
66,33854,-3823,9534,-5703,-538,2020,-1478,0,0,0,0,0,1
67,34375,-5472,9563,-4091,-926,2089,-1161,0,0,0,0,0,1
68,34896,-6900,9218,-2313,-1271,2073,-800,0,0,0,0,0,1
69,35417,-8070,8531,-452,-1572,1982,-409,0,0,0,0,0,1
70,35938,-8927,7504,1419,-1814,1810,1,0,0,0,0,0,1
71,36458,-9446,6197,3241,-1979,1575,406,0,0,0,0,0,1
72,36979,-9595,4656,4940,-2070,1274,800,0,0,0,0,0,1
73,37500,-9369,2919,6455,-2091,927,1156,0,0,0,0,0,1
74,38021,-8790,1082,7717,-2018,539,1478,0,0,0,0,0,1
75,38542,-7879,-792,8675,-1877,137,1735,0,0,0,0,0,1
76,39062,-6660,-2648,9310,-1659,-268,1932,0,0,0,0,0,1
77,39583,-5189,-4397,9584,-1379,-668,2053,0,0,0,0,0,1
78,40104,-3511,-5974,9490,-1049,-1042,2091,0,0,0,0,0,1
79,40625,-1708,-7327,9029,-672,-1377,2051,0,0,0,0,0,1
80,41146,172,-8385,8211,-276,-1660,1933,0,0,0,0,0,1
81,41667,2041,-9135,7097,133,-1879,1741,0,0,0,0,0,1
82,42188,3823,-9529,5703,540,-2018,1482,0,0,0,0,0,1
83,42708,5470,-9555,4086,928,-2085,1162,0,0,0,0,0,1
84,43229,6902,-9226,2317,1274,-2070,800,0,0,0,0,0,1
85,43750,8065,-8521,455,1572,-1979,406,0,0,0,0,0,1
86,44271,8924,-7504,-1419,1807,-1812,3,0,0,0,0,0,1
87,44792,9435,-6193,-3243,1984,-1571,-408,0,0,0,0,0,1
88,45312,9586,-4649,-4944,2068,-1273,-797,0,0,0,0,0,1
89,45833,9364,-2921,-6454,2086,-925,-1162,0,0,0,0,0,1
90,46354,8795,-1082,-7708,2022,-541,-1474,0,0,0,0,0,1
91,46875,7884,793,-8677,1876,-140,-1736,0,0,0,0,0,1
92,47396,6657,2641,-9310,1659,274,-1935,0,0,0,0,0,1
93,47917,5188,4398,-9576,1380,670,-2047,0,0,0,0,0,1
94,48438,3508,5972,-9488,1045,1046,-2085,0,0,0,0,0,1
95,48958,1703,7322,-9029,675,1375,-2052,0,0,0,0,0,1
96,49479,-170,8391,-8226,277,1659,-1931,0,0,0,0,0,1
97,50000,-2040,9137,-7101,-133,1878,-1741,0,0,0,0,0,1
98,50521,-3824,9537,-5704,-540,2020,-1480,0,0,0,0,0,1
99,51042,-5471,9562,-4089,-924,2086,-1163,0,0,0,0,0,1
100,51562,-6899,9223,-2316,-1271,2073,-802,0,0,0,0,0,1
101,52083,-8070,8531,-461,-1571,1983,-408,0,0,0,0,0,1
102,52604,-8928,7508,1414,-1810,1814,-1,0,0,0,0,0,1
103,53125,-9441,6195,3244,-1977,1575,407,0,0,0,0,0,1
104,53646,-9591,4643,4943,-2074,1276,800,0,0,0,0,0,1
105,54167,-9370,2921,6453,-2083,931,1161,0,0,0,0,0,1
106,54688,-8792,1079,7710,-2021,545,1475,0,0,0,0,0,1
107,55208,-7882,-799,8678,-1878,138,1741,0,0,0,0,0,1
108,55729,-6665,-2638,9309,-1660,-270,1933,0,0,0,0,0,1
109,56250,-5187,-4397,9585,-1375,-670,2052,0,0,0,0,0,1
110,56771,-3508,-5976,9486,-1048,-1045,2092,0,0,0,0,0,1
111,57292,-1700,-7323,9027,-675,-1378,2053,0,0,0,0,0,1
112,57812,167,-8394,8224,-275,-1659,1934,0,0,0,0,0,1
113,58333,2040,-9137,7097,135,-1874,1741,0,0,0,0,0,1
114,58854,3828,-9530,5704,541,-2017,1476,0,0,0,0,0,1
115,59375,5463,-9557,4092,923,-2087,1162,0,0,0,0,0,1
116,59896,6905,-9218,2315,1269,-2075,801,0,0,0,0,0,1
117,60417,8064,-8523,458,1568,-1982,409,0,0,0,0,0,1
118,60938,8930,-7509,-1421,1809,-1812,-2,0,0,0,0,0,1
119,61458,9440,-6198,-3242,1981,-1572,-406,0,0,0,0,0,1
120,61979,9590,-4647,-4946,2073,-1274,-799,0,0,0,0,0,1
121,62500,9371,-2919,-6455,2086,-924,-1159,0,0,0,0,0,1
122,63021,8796,-1085,-7710,2019,-543,-1476,0,0,0,0,0,1
123,63542,7882,794,-8675,1876,-140,-1734,0,0,0,0,0,1
124,64062,6662,2653,-9308,1663,277,-1931,0,0,0,0,0,1
125,64583,5186,4395,-9580,1380,669,-2051,0,0,0,0,0,1
126,65104,3510,5977,-9493,1049,1044,-2093,0,0,0,0,0,1
127,65625,1706,7324,-9029,673,1378,-2051,0,0,0,0,0,1
128,66146,-169,8384,-8220,276,1662,-1932,0,0,0,0,0,1
129,66667,-2035,9136,-7103,-135,1876,-1739,0,0,0,0,0,1
130,67188,-3827,9528,-5704,-538,2020,-1483,0,0,0,0,0,1
131,67708,-5474,9559,-4088,-923,2083,-1164,0,0,0,0,0,1
132,68229,-6899,9220,-2321,-1272,2076,-802,0,0,0,0,0,1
133,68750,-8063,8522,-453,-1575,1979,-412,0,0,0,0,0,1
134,69271,-8923,7506,1426,-1808,1813,-1,0,0,0,0,0,1
135,69792,-9445,6193,3242,-1979,1572,406,0,0,0,0,0,1
136,70312,-9587,4650,4944,-2071,1274,799,0,0,0,0,0,1
137,70833,-9374,2925,6458,-2088,925,1160,0,0,0,0,0,1
138,71354,-8799,1086,7717,-2022,545,1476,0,0,0,0,0,1
139,71875,-7879,-795,8674,-1877,136,1737,0,0,0,0,0,1
140,72396,-6662,-2642,9307,-1660,-271,1931,0,0,0,0,0,1
141,72917,-5187,-4392,9578,-1383,-668,2050,0,0,0,0,0,1
142,73438,-3512,-5973,9483,-1046,-1044,2090,0,0,0,0,0,1
143,73958,-1703,-7324,9025,-675,-1375,2052,0,0,0,0,0,1
144,74479,170,-8386,8224,-276,-1661,1935,0,0,0,0,0,1
145,75000,2036,-9136,7097,136,-1874,1740,0,0,0,0,0,1
146,75521,3829,-9536,5706,539,-2018,1479,0,0,0,0,0,1
147,76042,5465,-9558,4090,925,-2087,1163,0,0,0,0,0,1
148,76562,6900,-9222,2323,1271,-2074,802,0,0,0,0,0,1
149,77083,8069,-8528,458,1570,-1982,407,0,0,0,0,0,1
150,77604,8929,-7507,-1420,1813,-1812,5,0,0,0,0,0,1
151,78125,9440,-6201,-3248,1983,-1575,-406,0,0,0,0,0,1
152,78646,9594,-4651,-4946,2071,-1275,-800,0,0,0,0,0,1
153,79167,9376,-2923,-6450,2082,-927,-1159,0,0,0,0,0,1
154,79688,8795,-1089,-7718,2019,-540,-1476,0,0,0,0,0,1
155,80208,7879,796,-8674,1878,-142,-1739,0,0,0,0,0,1
156,80729,6667,2646,-9304,1659,273,-1934,0,0,0,0,0,1
157,81250,5186,4394,-9582,1379,668,-2051,0,0,0,0,0,1
158,81771,3512,5969,-9485,1050,1044,-2088,0,0,0,0,0,1
159,82292,1705,7321,-9027,674,1378,-2050,0,0,0,0,0,1
160,82812,-169,8393,-8219,274,1659,-1931,0,0,0,0,0,1
161,83333,-2041,9135,-7102,-135,1876,-1740,0,0,0,0,0,1
162,83854,-3825,9528,-5706,-543,2015,-1482,0,0,0,0,0,1
163,84375,-5470,9559,-4088,-923,2086,-1165,0,0,0,0,0,1
164,84896,-6904,9218,-2315,-1274,2071,-799,0,0,0,0,0,1
165,85417,-8071,8527,-458,-1568,1978,-408,0,0,0,0,0,1
166,85938,-8927,7503,1423,-1808,1811,-4,0,0,0,0,0,1
167,86458,-9433,6197,3244,-1979,1575,404,0,0,0,0,0,1
168,86979,-9597,4648,4943,-2075,1275,796,0,0,0,0,0,1
169,87500,-9375,2926,6442,-2085,925,1160,0,0,0,0,0,1
170,88021,-8797,1086,7713,-2018,545,1479,0,0,0,0,0,1
171,88542,-7884,-792,8676,-1874,140,1738,0,0,0,0,0,1
172,89062,-6658,-2645,9312,-1662,-271,1933,0,0,0,0,0,1
173,89583,-5186,-4393,9584,-1379,-671,2053,0,0,0,0,0,1
174,90104,-3514,-5974,9488,-1047,-1044,2090,0,0,0,0,0,1
175,90625,-1701,-7326,9027,-678,-1378,2052,0,0,0,0,0,1
176,91146,171,-8386,8221,-277,-1662,1931,0,0,0,0,0,1
177,91667,2034,-9138,7100,140,-1871,1742,0,0,0,0,0,1
178,92188,3818,-9530,5706,539,-2021,1479,0,0,0,0,0,1
179,92708,5469,-9562,4095,924,-2086,1163,0,0,0,0,0,1
180,93229,6902,-9224,2316,1271,-2073,801,0,0,0,0,0,1
181,93750,8066,-8527,458,1570,-1980,407,0,0,0,0,0,1
182,94271,8929,-7504,-1421,1812,-1811,4,0,0,0,0,0,1
183,94792,9435,-6197,-3243,1984,-1572,-408,0,0,0,0,0,1
184,95312,9588,-4647,-4942,2075,-1278,-796,0,0,0,0,0,1
185,95833,9374,-2920,-6453,2084,-929,-1158,0,0,0,0,0,1
186,96354,8796,-1087,-7709,2024,-542,-1474,0,0,0,0,0,1
187,96875,7884,798,-8677,1874,-138,-1741,0,0,0,0,0,1
188,97396,6659,2647,-9308,1659,271,-1931,0,0,0,0,0,1
189,97917,5187,4393,-9576,1380,670,-2050,0,0,0,0,0,1
190,98438,3511,5971,-9489,1047,1044,-2088,0,0,0,0,0,1
191,98958,1704,7325,-9028,670,1376,-2051,0,0,0,0,0,1
192,99479,-173,8396,-8218,272,1659,-1931,0,0,0,0,0,1
193,100000,-2038,9136,-7104,-137,1875,-1739,0,0,0,0,0,1
194,100521,-3827,9532,-5705,-539,2016,-1477,0,0,0,0,0,1
195,101042,-5471,9559,-4089,-925,2087,-1165,0,0,0,0,0,1
196,101562,-6898,9218,-2323,-1274,2072,-803,0,0,0,0,0,1
197,102083,-8064,8527,-460,-1572,1981,-414,0,0,0,0,0,1
198,102604,-8920,7506,1419,-1809,1813,-2,0,0,0,0,0,1
199,103125,-9443,6195,3240,-1980,1573,406,0,0,0,0,0,1
200,103646,-9588,4649,4945,-2072,1271,796,0,0,0,0,0,1
201,104167,-9368,2925,6451,-2088,926,1162,0,0,0,0,0,1
202,104688,-8791,1080,7712,-2021,543,1481,0,0,0,0,0,1
203,105208,-7881,-795,8675,-1875,137,1735,0,0,0,0,0,1
204,105729,-6663,-2645,9307,-1658,-273,1931,0,0,0,0,0,1
205,106250,-5190,-4397,9584,-1378,-672,2050,0,0,0,0,0,1
206,106771,-3513,-5979,9484,-1046,-1042,2092,0,0,0,0,0,1
207,107292,-1703,-7323,9026,-671,-1377,2052,0,0,0,0,0,1
208,107812,166,-8390,8222,-276,-1658,1931,0,0,0,0,0,1
209,108333,2032,-9135,7095,134,-1869,1739,0,0,0,0,0,1
210,108854,3826,-9525,5706,541,-2022,1477,0,0,0,0,0,1
211,109375,5466,-9555,4093,921,-2090,1165,0,0,0,0,0,1
212,109896,6899,-9221,2316,1273,-2073,800,0,0,0,0,0,1
213,110417,8070,-8525,459,1572,-1981,409,0,0,0,0,0,1
214,110938,8926,-7504,-1420,1810,-1812,1,0,0,0,0,0,1
215,111458,9443,-6194,-3243,1978,-1575,-408,0,0,0,0,0,1
216,111979,9593,-4652,-4939,2068,-1275,-802,0,0,0,0,0,1
217,112500,9369,-2919,-6452,2087,-928,-1162,0,0,0,0,0,1
218,113021,8797,-1082,-7714,2018,-543,-1479,0,0,0,0,0,1
219,113542,7878,793,-8679,1873,-139,-1739,0,0,0,0,0,1
220,114062,6665,2644,-9310,1658,272,-1930,0,0,0,0,0,1
221,114583,5188,4396,-9586,1382,672,-2050,0,0,0,0,0,1
222,115104,3513,5972,-9481,1045,1044,-2091,0,0,0,0,0,1
223,115625,1703,7325,-9024,672,1377,-2049,0,0,0,0,0,1
224,116146,-170,8389,-8219,274,1660,-1928,0,0,0,0,0,1
225,116667,-2036,9138,-7106,-134,1875,-1740,0,0,0,0,0,1
226,117188,-3828,9531,-5709,-539,2018,-1480,0,0,0,0,0,1
227,117708,-5467,9560,-4089,-924,2087,-1161,0,0,0,0,0,1
228,118229,-6903,9219,-2317,-1276,2073,-802,0,0,0,0,0,1
229,118750,-8069,8525,-459,-1570,1980,-412,0,0,0,0,0,1
230,119271,-8922,7505,1423,-1814,1810,-2,0,0,0,0,0,1
231,119792,-9434,6196,3244,-1979,1575,409,0,0,0,0,0,1
232,120312,-9592,4656,4949,-2074,1273,796,0,0,0,0,0,1
233,120833,-9377,2923,6449,-2087,923,1163,0,0,0,0,0,1
234,121354,-8793,1083,7708,-2017,543,1475,0,0,0,0,0,1
235,121875,-7881,-795,8678,-1879,138,1739,0,0,0,0,0,1
236,122396,-6659,-2642,9306,-1660,-271,1933,0,0,0,0,0,1
237,122917,-5188,-4393,9581,-1380,-672,2050,0,0,0,0,0,1
238,123438,-3512,-5973,9483,-1045,-1045,2094,0,0,0,0,0,1
239,123958,-1705,-7324,9022,-676,-1378,2048,0,0,0,0,0,1
240,124479,168,-8391,8228,-271,-1654,1933,0,0,0,0,0,1
241,125000,2037,-9138,7097,137,-1874,1739,0,0,0,0,0,1
242,125521,3822,-9531,5703,542,-2018,1482,0,0,0,0,0,1
243,126042,5464,-9564,4092,921,-2086,1162,0,0,0,0,0,1
244,126562,6900,-9220,2314,1273,-2075,803,0,0,0,0,0,1
245,127083,8073,-8527,454,1574,-1980,413,0,0,0,0,0,1
246,127604,8925,-7505,-1413,1811,-1812,0,0,0,0,0,0,1
247,128125,9440,-6194,-3238,1979,-1574,-407,0,0,0,0,0,1
248,128646,9592,-4648,-4945,2072,-1275,-800,0,0,0,0,0,1
249,129167,9371,-2919,-6450,2087,-925,-1161,0,0,0,0,0,1
250,129688,8796,-1085,-7711,2019,-542,-1479,0,0,0,0,0,1
251,130208,7879,793,-8682,1878,-141,-1738,0,0,0,0,0,1
252,130729,6664,2643,-9311,1661,275,-1933,0,0,0,0,0,1
253,131250,5183,4387,-9583,1379,673,-2048,0,0,0,0,0,1
254,131771,3517,5971,-9481,1048,1047,-2087,0,0,0,0,0,1
255,132292,1704,7327,-9033,678,1382,-2051,0,0,0,0,0,1
256,132812,-171,8393,-8225,271,1659,-1932,0,0,0,0,0,1
257,133333,-2042,9138,-7106,-136,1876,-1739,0,0,0,0,0,1
258,133854,-3828,9526,-5699,-540,2015,-1478,0,0,0,0,0,1
259,134375,-5462,9565,-4091,-924,2085,-1162,0,0,0,0,0,1
260,134896,-6900,9222,-2325,-1272,2074,-803,0,0,0,0,0,1
261,135417,-8069,8526,-462,-1569,1981,-410,0,0,0,0,0,1
262,135938,-8924,7502,1426,-1811,1812,-1,0,0,0,0,0,1
263,136458,-9439,6198,3238,-1977,1572,403,0,0,0,0,0,1
264,136979,-9588,4648,4941,-2075,1272,800,0,0,0,0,0,1
265,137500,-9376,2921,6457,-2083,928,1164,0,0,0,0,0,1
266,138021,-8794,1083,7716,-2019,542,1475,0,0,0,0,0,1
267,138542,-7883,-796,8674,-1878,141,1739,0,0,0,0,0,1
268,139062,-6661,-2648,9305,-1661,-269,1935,0,0,0,0,0,1
269,139583,-5187,-4395,9582,-1382,-673,2047,0,0,0,0,0,1
270,140104,-3514,-5976,9486,-1045,-1041,2090,0,0,0,0,0,1
271,140625,-1705,-7318,9024,-672,-1376,2050,0,0,0,0,0,1
272,141146,173,-8393,8222,-275,-1662,1930,0,0,0,0,0,1
273,141667,2035,-9133,7100,133,-1878,1738,0,0,0,0,0,1
274,142188,3830,-9535,5703,541,-2021,1479,0,0,0,0,0,1
275,142708,5472,-9560,4092,926,-2089,1160,0,0,0,0,0,1
276,143229,6901,-9222,2324,1275,-2072,804,0,0,0,0,0,1
277,143750,8070,-8529,458,1573,-1980,403,0,0,0,0,0,1
278,144271,8922,-7510,-1421,1809,-1814,0,0,0,0,0,0,1
279,144792,9442,-6198,-3244,1982,-1574,-406,0,0,0,0,0,1
280,145312,9591,-4647,-4939,2074,-1278,-799,0,0,0,0,0,1
281,145833,9375,-2921,-6449,2084,-930,-1158,0,0,0,0,0,1
282,146354,8796,-1081,-7713,2021,-542,-1478,0,0,0,0,0,1
283,146875,7885,798,-8678,1875,-139,-1738,0,0,0,0,0,1
284,147396,6660,2649,-9306,1656,272,-1933,0,0,0,0,0,1
285,147917,5188,4389,-9582,1380,674,-2053,0,0,0,0,0,1
286,148438,3515,5974,-9487,1046,1045,-2088,0,0,0,0,0,1
287,148958,1697,7322,-9030,673,1379,-2051,0,0,0,0,0,1
288,149479,-170,8389,-8222,277,1660,-1931,0,0,0,0,0,1
289,150000,-2036,9137,-7101,-134,1871,-1737,0,0,0,0,0,1
290,150521,-3827,9534,-5701,-538,2020,-1480,0,0,0,0,0,1
291,151042,-5468,9554,-4086,-921,2090,-1164,0,0,0,0,0,1
292,151562,-6900,9222,-2316,-1270,2073,-804,0,0,0,0,0,1
293,152083,-8073,8525,-455,-1573,1982,-408,0,0,0,0,0,1
294,152604,-8927,7504,1419,-1810,1809,-3,0,0,0,0,0,1
295,153125,-9440,6197,3245,-1978,1574,407,0,0,0,0,0,1
296,153646,-9592,4648,4940,-2076,1276,796,0,0,0,0,0,1
297,154167,-9373,2924,6449,-2087,927,1162,0,0,0,0,0,1
298,154688,-8794,1084,7719,-2019,543,1480,0,0,0,0,0,1
299,155208,-7877,-792,8678,-1875,135,1736,0,0,0,0,0,1
300,155729,-6661,-2647,9301,-1660,-274,1932,0,0,0,0,0,1
301,156250,-5190,-4395,9582,-1378,-674,2053,0,0,0,0,0,1
302,156771,-3517,-5969,9489,-1047,-1044,2090,0,0,0,0,0,1
303,157292,-1703,-7318,9027,-677,-1377,2055,0,0,0,0,0,1
304,157812,170,-8391,8225,-272,-1658,1930,0,0,0,0,0,1
305,158333,2036,-9133,7102,136,-1873,1736,0,0,0,0,0,1
306,158854,3831,-9534,5707,538,-2017,1478,0,0,0,0,0,1
307,159375,5462,-9560,4084,922,-2086,1163,0,0,0,0,0,1
308,159896,6902,-9220,2315,1271,-2075,800,0,0,0,0,0,1
309,160417,8069,-8527,457,1572,-1983,410,0,0,0,0,0,1
310,160938,8930,-7505,-1423,1811,-1810,4,0,0,0,0,0,1
311,161458,9437,-6199,-3244,1978,-1572,-405,0,0,0,0,0,1
312,161979,9593,-4652,-4944,2075,-1274,-796,0,0,0,0,0,1
313,162500,9368,-2922,-6446,2087,-924,-1162,0,0,0,0,0,1
314,163021,8794,-1079,-7708,2021,-540,-1477,0,0,0,0,0,1
315,163542,7883,793,-8675,1876,-136,-1735,0,0,0,0,0,1
316,164062,6667,2646,-9304,1662,272,-1935,0,0,0,0,0,1
317,164583,5185,4393,-9580,1380,666,-2051,0,0,0,0,0,1
318,165104,3511,5975,-9491,1045,1046,-2093,0,0,0,0,0,1
319,165625,1702,7322,-9024,672,1375,-2053,0,0,0,0,0,1
320,166146,-171,8390,-8224,276,1659,-1932,0,0,0,0,0,1
321,166667,-2038,7475,-5451,-135,1878,-1739,0,0,0,0,0,1
322,167188,-3829,7972,-4145,-538,4204,-3656,0,0,0,0,0,1
323,167708,-5465,8161,-2688,-927,6235,-5309,0,0,0,0,0,1
324,168229,-6900,8033,-1127,-1272,7897,-6628,0,0,0,0,0,1
325,168750,-8066,7594,471,-1571,9134,-7564,0,0,0,0,0,1
326,169271,-8923,6863,2058,-1808,9892,-8083,0,0,0,0,0,1
327,169792,-9439,5872,3568,-1979,10155,-8177,0,0,0,0,0,1
328,170312,-9587,4647,4939,-2077,9914,-7835,0,0,0,0,0,1
329,170833,-9375,3258,6116,-2092,9166,-7081,0,0,0,0,0,1
330,171354,-8798,1736,7059,-2019,7955,-5941,0,0,0,0,0,1
331,171875,-7886,148,7734,-1874,6336,-4455,0,0,0,0,0,1
332,172396,-6659,-1447,8109,-1661,4358,-2697,0,0,0,0,0,1
333,172917,-5186,-2986,8173,-1381,2105,-725,0,0,0,0,0,1
334,173438,-3513,-4410,7932,-1050,-331,1378,0,0,0,0,0,1
335,173958,-1700,-5665,7366,-675,-2857,3527,0,0,0,0,0,1
336,174479,167,-6701,6536,-275,-5371,5644,0,0,0,0,0,1
337,175000,2038,-7480,5440,135,-7780,7641,0,0,0,0,0,1
338,175521,3819,-7969,4145,542,-9982,9437,0,0,0,0,0,1
339,176042,5474,-8156,2683,922,-11893,10967,0,0,0,0,0,1
340,176562,6903,-8031,1129,1269,-13439,12168,0,0,0,0,0,1
341,177083,8064,-7591,-479,1572,-14565,12994,0,0,0,0,0,1
342,177604,8926,-6863,-2062,1812,-15214,13406,0,0,0,0,0,1
343,178125,9434,-5867,-3572,1979,-15361,13385,0,0,0,0,0,1
344,178646,9587,-4658,-4936,2071,-15014,12936,0,0,0,0,0,1
345,179167,9371,-3255,-6109,2087,-14161,12078,0,0,0,0,0,1
346,179688,8797,-1732,-7062,2023,-12846,10830,0,0,0,0,0,1
347,180208,7879,-147,-7731,1875,-11124,9248,0,0,0,0,0,1
348,180729,6659,1448,-8109,1664,-9049,7387,0,0,0,0,0,1
349,181250,5186,2981,-8171,1377,-6700,5322,0,0,0,0,0,1
350,181771,3509,4409,-7926,1043,-4171,3123,0,0,0,0,0,1
351,182292,1708,5668,-7367,673,-1553,881,0,0,0,0,0,1
352,182812,-169,6699,-6533,278,1050,-1328,0,1,1,0,0,1
353,183333,-2035,7479,-5445,-138,3542,-3412,0,1,1,0,0,1
354,183854,-3826,7971,-4146,-541,5839,-5295,0,1,1,0,0,1
355,184375,-5473,8158,-2686,-923,7836,-6914,0,1,1,0,0,1
356,184896,-6903,8032,-1128,-1270,9469,-8198,0,1,1,0,0,1
357,185417,-8070,7596,480,-1570,10670,-9099,0,1,1,0,0,1
358,185938,-8928,6863,2067,-1813,11404,-9592,0,1,1,0,0,1
359,186458,-9439,5872,3566,-1980,11635,-9652,0,1,1,0,0,1
360,186979,-9587,4650,4941,-2072,11358,-9283,0,1,1,0,0,1
361,187500,-9369,3259,6119,-2087,10581,-8497,0,1,1,0,0,1
362,188021,-8802,1738,7062,-2022,9342,-7324,0,1,1,0,0,1
363,188542,-7876,151,7734,-1879,7691,-5815,0,1,1,0,0,1
364,189062,-6662,-1438,8111,-1663,5686,-4028,0,1,1,0,0,1
365,189583,-5185,-2986,8172,-1380,3410,-2026,0,1,1,0,0,1
366,190104,-3514,-4408,7920,-1047,946,100,0,1,1,0,0,1
367,190625,-1704,-5668,7372,-675,-1605,2281,0,1,1,0,0,1
368,191146,170,-6703,6529,-276,-4146,4420,0,1,1,0,0,1
369,191667,2041,-7478,5444,137,-6583,6444,0,1,1,0,0,1
370,192188,3831,-7973,4145,541,-8809,8266,0,1,1,0,0,1
371,192708,5469,-8158,2692,924,-10741,9818,0,1,1,0,0,1
372,193229,6906,-8028,1125,1272,-12315,11040,0,1,1,0,0,1
373,193750,8065,-7597,-475,1570,-13456,11888,0,1,1,0,0,1
374,194271,8924,-6867,-2062,1812,-14132,12320,0,1,1,0,0,1
375,194792,9440,-5873,-3565,1975,-14307,12329,0,1,1,0,0,1
376,195312,9597,-4652,-4936,2074,-13974,11903,0,1,1,0,0,1
377,195833,9373,-3262,-6119,2084,-13146,11061,0,1,1,0,0,1
378,196354,8797,-1737,-7059,2018,-11861,9839,0,1,1,0,0,1
379,196875,7881,-147,-7731,1875,-10151,8272,0,1,1,0,0,1
380,197396,6659,1450,-8112,1663,-8090,6440,0,1,1,0,0,1
381,197917,5190,2987,-8176,1381,-5769,4387,0,1,1,0,0,1
382,198438,3511,4410,-7924,1046,-3256,2212,0,1,1,0,0,1
383,198958,1704,5663,-7370,671,-660,-15,0,1,1,0,0,1
384,199479,-171,6698,-6535,274,1931,-2201,0,1,1,0,0,1
385,200000,-2043,7478,-5445,-135,4405,-4268,0,1,1,0,0,1
386,200521,-3826,7972,-4143,-540,6683,-6137,0,1,1,0,0,1
387,201042,-5469,8160,-2692,-918,8662,-7737,0,1,1,0,0,1
388,201562,-6902,8029,-1129,-1271,10273,-9002,0,1,1,0,0,1
389,202083,-8071,7594,474,-1570,11461,-9891,0,1,1,0,0,1
390,202604,-8922,6865,2057,-1806,12178,-10365,0,1,1,0,0,1
391,203125,-9440,5874,3564,-1982,12393,-10411,0,1,1,0,0,1
392,203646,-9591,4653,4933,-2074,12102,-10025,0,1,1,0,0,1
393,204167,-9371,3253,6114,-2090,11308,-9223,0,1,1,0,0,1
394,204688,-8792,1737,7058,-2023,10058,-8037,0,1,1,0,0,1
395,205208,-7880,149,7735,-1874,8389,-6515,0,1,1,0,0,1
396,205729,-6659,-1450,8107,-1661,6367,-4707,0,1,1,0,0,1
397,206250,-5187,-2985,8173,-1381,4078,-2696,0,1,1,0,0,1
398,206771,-3518,-4410,7931,-1046,1601,-553,0,1,1,0,0,1
399,207292,-1709,-5665,7368,-675,-965,1639,0,1,1,0,0,1
400,207812,168,-6703,6533,-273,-3519,3794,0,1,1,0,0,1
401,208333,2037,-7480,5441,138,-5963,5829,0,1,1,0,0,1
402,208854,3836,-7978,4144,539,-8204,7666,0,1,1,0,0,1
403,209375,5469,-8152,2693,923,-10154,9231,0,1,1,0,0,1
404,209896,6902,-8030,1125,1271,-11742,10470,0,1,1,0,0,1
405,210417,8065,-7595,-480,1571,-12890,11320,0,1,1,0,0,1
406,210938,8929,-6866,-2064,1809,-13581,11769,0,1,1,0,0,1
407,211458,9442,-5872,-3562,1978,-13761,11785,0,1,1,1,1,1
408,211979,9588,-4653,-4936,2070,-13443,11367,0,1,1,1,1,1
409,212500,9370,-3256,-6123,2085,-12625,10538,0,1,1,1,1,1
410,213021,8799,-1732,-7065,2020,-11350,9328,0,1,1,1,1,1
411,213542,7881,-146,-7740,1879,-9650,7777,0,1,1,1,1,1
412,214062,6663,1456,-8111,1662,-7609,5944,0,1,1,1,1,1
413,214583,5184,2993,-8178,1382,-5289,3908,0,1,1,1,1,1
414,215104,3510,4408,-7926,1047,-2783,1739,0,1,1,1,1,1
415,215625,1706,5670,-7367,675,-200,-474,0,1,1,1,1,1
416,216146,-166,6706,-6541,275,2377,-2653,0,1,1,1,1,1
417,216667,-2036,7481,-5446,-137,4846,-4711,0,1,1,1,1,1
418,217188,-3823,7978,-4144,-539,7114,-6573,0,1,1,1,1,1
419,217708,-5467,8161,-2688,-924,9086,-8162,0,1,1,1,1,1
420,218229,-6898,8028,-1124,-1273,10687,-9417,0,1,1,1,1,1
421,218750,-8072,7592,469,-1570,11868,-10297,0,1,1,1,1,1
422,219271,-8925,6866,2064,-1810,12574,-10763,0,1,1,1,1,1
423,219792,-9440,5871,3570,-1984,12778,-10804,0,1,1,1,1,1
424,220312,-9592,4659,4935,-2073,12479,-10407,0,1,1,1,1,1
425,220833,-9371,3257,6118,-2088,11684,-9594,0,1,1,1,1,1
426,221354,-8800,1729,7062,-2019,10422,-8402,0,1,1,1,1,1
427,221875,-7881,154,7734,-1875,8744,-6867,0,1,1,1,1,1
428,222396,-6661,-1450,8113,-1660,6723,-5059,0,1,1,1,1,1
429,222917,-5188,-2989,8174,-1382,4422,-3038,0,1,1,1,1,1
430,223438,-3512,-4415,7928,-1044,1940,-894,0,1,1,1,1,1
431,223958,-1707,-5669,7374,-672,-636,1310,0,1,1,1,1,1
432,224479,173,-6699,6538,-271,-3197,3470,0,1,1,1,1,1
433,225000,2040,-7479,5443,134,-5644,5512,0,1,1,1,1,1
434,225521,3825,-7971,4143,541,-7894,7355,0,1,1,1,1,1
435,226042,5467,-8157,2694,923,-9846,8923,0,1,1,1,1,1
436,226562,6901,-8029,1132,1273,-11438,10168,0,1,1,1,1,1
437,227083,8075,-7588,-476,1573,-12605,11031,0,1,1,1,1,1
438,227604,8923,-6866,-2062,1809,-13290,11483,0,1,1,1,1,1
439,228125,9444,-5872,-3566,1976,-13488,11503,0,1,1,1,1,1
440,228646,9586,-4654,-4940,2074,-13171,11097,0,1,1,1,1,1
441,229167,9375,-3260,-6113,2092,-12359,10272,0,1,1,1,1,1
442,229688,8802,-1738,-7061,2023,-11084,9063,0,1,1,1,1,1
443,230208,7883,-142,-7733,1875,-9391,7517,0,1,1,1,1,1
444,230729,6658,1444,-8109,1662,-7351,5695,0,1,1,1,1,1
445,231250,5189,2988,-8174,1378,-5041,3662,0,1,1,1,1,1
446,231771,3510,4418,-7923,1049,-2545,1502,0,1,1,1,1,1
447,232292,1706,5669,-7370,673,38,-711,0,1,1,1,1,1
448,232812,-165,6708,-6532,272,2608,-2882,0,1,1,1,1,1
449,233333,-2033,7480,-5447,-136,5076,-4935,0,1,1,1,1,1
450,233854,-3822,7982,-4146,-541,7337,-6792,0,1,1,1,1,1
451,234375,-5469,8158,-2685,-923,9303,-8379,0,1,1,1,1,1
452,234896,-6903,8028,-1130,-1271,10901,-9631,0,1,1,1,1,1
453,235417,-8071,7594,471,-1575,12075,-10506,0,1,1,1,1,1
454,235938,-8923,6865,2064,-1811,12779,-10968,0,1,1,1,1,1
455,236458,-9440,5873,3569,-1981,12980,-11002,0,1,1,1,1,1
456,236979,-9593,4654,4940,-2072,12673,-10604,0,1,1,1,1,1
457,237500,-9373,3260,6122,-2088,11871,-9786,0,1,1,1,1,1
458,238021,-8789,1732,7062,-2019,10610,-8590,0,1,1,1,1,1
459,238542,-7883,147,7740,-1877,8931,-7058,0,1,1,1,1,1
460,239062,-6668,-1448,8112,-1658,6901,-5237,0,1,1,1,1,1
461,239583,-5097,-4522,9619,-1383,4598,-3218,0,1,1,1,1,1
462,240104,-3408,-6087,9503,-1177,4283,-3102,0,1,1,1,1,1
463,240625,-1584,-7429,9015,-962,3993,-3036,0,1,1,1,1,1
464,241146,295,-8481,8180,-722,3739,-3017,0,1,1,1,1,1
465,241667,2166,-9202,7039,-477,3517,-3039,0,0,0,1,1,1
466,242188,3964,-9578,5628,-238,3340,-3104,0,0,0,1,1,1
467,242708,5593,-9582,3992,-9,3210,-3200,0,0,0,1,1,1
468,243229,7017,-9214,2202,200,3128,-3322,0,0,0,1,1,1
469,243750,8164,-8495,329,376,3086,-3471,0,0,0,1,1,1
470,244271,8995,-7451,-1551,524,3097,-3622,0,0,0,1,1,1
471,244792,9494,-6117,-3375,633,3146,-3785,0,0,0,0,1,1
472,245312,9622,-4556,-5065,696,3237,-3928,0,0,0,0,1,1
473,245833,9379,-2811,-6569,714,3345,-4063,0,0,0,0,1,1
474,246354,8781,-963,-7819,687,3485,-4171,0,0,0,0,1,1
475,246875,7835,921,-8757,616,3639,-4249,0,0,0,0,1,1
476,247396,6590,2777,-9375,504,3785,-4290,0,0,0,0,1,1
477,247917,5096,4523,-9620,356,3940,-4295,0,0,0,0,1,1
478,248438,3406,6101,-9502,175,4077,-4254,0,0,0,0,1,1
479,248958,1587,7431,-9013,-29,4195,-4168,0,0,0,0,1,1
480,249479,-298,8482,-8184,-246,4284,-4038,0,0,0,0,1,1
481,250000,-2169,9204,-7037,-469,4333,-3869,0,0,0,0,1,1
482,250521,-3957,9581,-5620,-686,4349,-3663,0,0,0,0,1,1
483,251042,-5593,9581,-3987,-896,4323,-3427,0,0,0,0,1,1
484,251562,-7017,9220,-2206,-1089,4250,-3163,0,0,0,0,1,1
485,252083,-8164,8498,-335,-1248,4138,-2885,0,0,0,0,1,1
486,252604,-9005,7451,1552,-1379,3980,-2603,0,0,0,0,1,1
487,253125,-9497,6116,3377,-1467,3784,-2320,0,0,0,0,1,1
488,253646,-9618,4554,5064,-1509,3555,-2042,0,0,0,0,1,1
489,254167,-9376,2812,6570,-1514,3302,-1789,0,0,0,0,1,1
490,254688,-8779,957,7817,-1468,3029,-1558,0,0,0,0,1,1
491,255208,-7832,-926,8759,-1381,2741,-1360,0,0,0,0,1,1
492,255729,-6587,-2777,9373,-1257,2458,-1208,0,0,0,0,1,1
493,256250,-5100,-4519,9613,-1089,2177,-1084,0,0,0,0,1,1
494,256771,-3407,-6093,9500,-891,1915,-1020,0,0,0,0,1,1
495,257292,-1584,-7427,9019,-677,1673,-995,0,0,0,0,1,1
496,257812,301,-8479,8181,-449,1463,-1020,0,0,0,0,1,1
497,258333,2166,-9199,7035,-208,1293,-1081,0,0,0,0,1,1
498,258854,3963,-9579,5623,26,1161,-1189,0,0,0,0,1,1
499,259375,5595,-9580,3992,247,1071,-1326,0,0,0,0,1,1
500,259896,7015,-9216,2200,451,1037,-1488,0,0,0,0,1,1
501,260417,8166,-8494,330,623,1040,-1668,0,0,0,0,1,1
502,260938,9004,-7450,-1549,765,1093,-1863,0,0,0,0,1,1
503,261458,9564,-6024,-3547,-1,3,2,0,0,0,0,1,0
504,261979,9660,-4429,-5230,1,0,1,0,0,0,0,1,0
505,262500,9384,-2667,-6720,0,-1,-1,0,0,0,0,1,0
506,263021,8748,-799,-7947,-3,-3,0,0,0,0,0,1,0
507,263542,7773,1098,-8873,0,-1,-4,0,0,0,0,1,0
508,264062,6506,2952,-9451,-1,2,-2,0,0,0,0,1,0
509,264583,4979,4686,-9664,0,-1,0,0,0,0,0,1,0
510,265104,3269,6252,-9515,0,2,1,0,0,0,0,1,0
511,265625,1428,7572,-8998,-2,1,1,0,0,0,0,1,0
512,266146,-464,8599,-8131,-3,-1,3,0,0,0,0,1,0
513,266667,-2338,9300,-6956,3,2,0,0,0,0,0,1,0
514,267188,-4124,9640,-5516,0,-2,0,0,0,0,0,1,0
515,267708,-5753,9614,-3852,2,0,1,0,0,0,0,1,0
516,268229,-7159,9209,-2053,1,2,-1,0,0,0,0,1,0
517,268750,-8296,8458,-168,-3,-1,0,0,0,0,0,1,0
518,269271,-9103,7382,1717,0,1,-1,0,0,0,0,1,0
519,269792,-9562,6017,3548,1,-3,1,0,0,0,0,1,0
520,270312,-9662,4431,5236,-1,-3,-2,0,0,0,0,1,0
521,270833,-9386,2667,6722,2,1,2,0,0,0,0,1,0
522,271354,-8749,800,7945,-2,2,3,0,0,0,0,1,0
523,271875,-7774,-1094,8872,1,0,5,0,0,0,0,1,0
524,272396,-6504,-2946,9448,4,0,2,0,0,0,0,1,0
525,272917,-4986,-4687,9673,2,1,3,0,0,0,0,1,0
526,273438,-3266,-6248,9521,3,1,0,0,0,0,0,1,0
527,273958,-1430,-7568,8999,-1,3,3,0,0,0,0,1,0
528,274479,467,-8601,8137,0,1,2,0,0,0,0,1,0
529,275000,2339,-9293,6952,-1,-2,-1,0,0,0,0,1,0
530,275521,4123,-9637,5515,-3,-1,3,0,0,0,0,1,0
531,276042,5752,-9611,3858,1,1,-1,0,0,0,0,1,0
532,276562,7164,-9214,2049,-1,3,3,0,0,0,0,1,0
533,277083,8286,-8456,170,2,-1,-1,0,0,0,0,1,0
534,277604,9107,-7389,-1718,3,-1,1,0,0,0,0,1,0
535,278125,9565,-6017,-3550,0,1,1,0,0,0,0,1,0
536,278646,9665,-4426,-5231,-2,-3,0,0,0,0,0,1,0
537,279167,9382,-2670,-6724,2,1,-3,0,0,0,0,1,0
538,279688,8747,-801,-7950,0,-1,-2,0,0,0,0,1,0
539,280208,7774,1092,-8873,1,0,0,0,0,0,0,1,0
540,280729,6503,2949,-9448,2,0,0,0,0,0,0,1,0
541,281250,4976,4688,-9670,1,1,0,0,0,0,0,1,0
542,281771,3266,6247,-9516,-4,2,1,0,0,0,0,1,0
543,282292,1429,7568,-8995,-2,-1,-2,0,0,0,0,1,0
544,282812,-466,8592,-8135,2,1,0,0,0,0,0,1,0
545,283333,-2339,9301,-6955,3,3,-2,0,0,0,0,1,0
546,283854,-4128,9635,-5515,0,2,2,0,0,0,0,1,0
547,284375,-5743,9611,-3854,-1,0,1,0,0,0,0,1,0
548,284896,-7168,9213,-2055,3,1,0,0,0,0,0,1,0
549,285417,-8289,8462,-168,-1,1,-3,0,0,0,0,1,0
550,285938,-9100,7381,1720,-2,1,-1,0,0,0,0,1,0
551,286458,-9564,6021,3544,-1,-2,-3,0,0,0,0,1,0
552,286979,-9661,4427,5233,-3,-4,0,0,0,0,0,1,0
553,287500,-9386,2665,6717,-2,1,0,0,0,0,0,1,0
554,288021,-8749,805,7952,-1,4,1,0,0,0,0,1,0
555,288542,-7774,-1089,8869,2,-1,-5,0,0,0,0,1,0
556,289062,-6499,-2946,9452,2,1,0,0,0,0,0,1,0
557,289583,-4978,-4688,9667,0,0,-1,0,0,0,0,1,0
558,290104,-3271,-6245,9514,-5,-5,-3,0,0,0,0,1,0
559,290625,-1426,-7569,9000,0,-2,0,0,0,0,0,1,0
560,291146,461,-8601,8134,2,5,1,0,0,0,0,1,0
561,291667,2336,-9294,6955,1,5,-1,0,0,0,0,1,0
562,292188,4125,-9638,5512,2,0,2,0,0,0,0,1,0
563,292708,5751,-9611,3860,3,-1,-1,0,0,0,0,1,0
564,293229,7163,-9213,2049,-1,4,-2,0,0,0,0,1,0
565,293750,8288,-8458,166,-2,-3,1,0,0,0,0,1,0
566,294271,9106,-7385,-1721,3,1,0,0,0,0,0,1,0
567,294792,9561,-6020,-3543,3,2,-1,0,0,0,0,1,0
568,295312,9658,-4430,-5228,-3,1,1,0,0,0,0,1,0
569,295833,9388,-2666,-6715,2,0,0,0,0,0,0,1,0
570,296354,8746,-803,-7944,-1,1,4,0,0,0,0,1,0
571,296875,7775,1092,-8866,-3,-4,0,0,0,0,0,1,0
572,297396,6501,2945,-9455,-1,-1,-3,0,0,0,0,1,0
573,297917,4983,4686,-9675,-1,-1,-1,0,0,0,0,1,0
574,298438,3272,6249,-9514,-2,-3,2,0,0,0,0,1,0
575,298958,1432,7571,-8996,0,2,-3,0,0,0,0,1,0
576,299479,-466,8595,-8132,-1,0,1,0,0,0,0,1,0
577,300000,-2340,9299,-6964,-4,1,-2,0,0,0,0,1,0
578,300521,-4126,9639,-5517,-2,-2,0,0,0,0,0,1,0
579,301042,-5754,9609,-3855,-4,-3,3,0,0,0,0,1,0
580,301562,-7157,9204,-2050,2,2,3,0,0,0,0,1,0
581,302083,-8291,8462,-169,-1,-3,-1,0,0,0,0,1,0
582,302604,-9101,7380,1716,-2,0,1,0,0,0,0,1,0
583,303125,-9563,6019,3546,2,3,2,0,0,0,0,1,0
584,303646,-9661,4430,5228,-1,-3,-2,0,0,0,0,1,0
585,304167,-9380,2660,6715,-4,-1,-1,0,0,0,0,1,0
586,304688,-8745,805,7949,3,1,1,0,0,0,0,1,0
587,305208,-7781,-1096,8869,0,0,-2,0,0,0,0,1,0
588,305729,-6498,-2953,9451,-2,2,-1,0,0,0,0,1,0
589,306250,-4978,-4684,9670,-1,-1,-1,0,0,0,0,1,0
590,306771,-3271,-6247,9514,-3,1,-2,0,0,0,0,1,0
591,307292,-1431,-7571,9001,0,-2,0,0,0,0,0,1,0
592,307812,466,-8606,8130,0,-1,-1,0,0,0,0,1,0
593,308333,2342,-9297,6965,2,1,-2,0,0,0,0,1,0
594,308854,4121,-9634,5511,0,2,6,0,0,0,0,1,0
595,309375,5752,-9607,3859,-1,0,-1,0,0,0,0,1,0
596,309896,7151,-9208,2051,2,1,1,0,0,0,0,1,0
597,310417,8286,-8462,172,0,3,0,0,0,0,0,1,0
598,310938,9102,-7379,-1721,0,-1,-2,0,0,0,0,1,0
599,311458,9566,-6022,-3544,-3,-2,1,0,0,0,0,1,0
600,311979,9661,-4431,-5230,1,-4,2,0,0,0,0,1,0
601,312500,9384,-2666,-6716,2,-2,-2,0,0,0,0,1,0
602,313021,8746,-795,-7949,0,-1,0,0,0,0,0,1,0
603,313542,7777,1093,-8874,0,1,4,0,0,0,0,1,0
604,314062,6501,2948,-9456,3,-2,0,0,0,0,0,1,0
605,314583,4983,4685,-9668,-2,-2,0,0,0,0,0,1,0
606,315104,3273,6252,-9515,-2,0,1,0,0,0,0,1,0
607,315625,1428,7570,-8997,-4,0,-3,0,0,0,0,1,0
608,316146,-467,8598,-8132,1,0,1,0,0,0,0,1,0
609,316667,-2342,9298,-6959,0,1,-1,0,0,0,0,1,0
610,317188,-4124,9638,-5512,-2,1,1,0,0,0,0,1,0
611,317708,-5750,9606,-3857,3,1,0,0,0,0,0,1,0
612,318229,-7170,9212,-2051,2,-3,0,0,0,0,0,1,0
613,318750,-8293,8458,-172,3,4,2,0,0,0,0,1,0
614,319271,-9099,7378,1720,0,0,-2,0,0,0,0,1,0
615,319792,-9564,6019,3545,-3,-1,0,0,0,0,0,1,0
616,320312,-9659,4433,5236,2,3,1,0,0,0,0,1,0
617,320833,-9389,2666,6716,2,2,-1,0,0,0,0,1,0
618,321354,-8750,800,7946,1,4,-1,0,0,0,0,1,0
619,321875,-7771,-1096,8866,-3,1,-3,0,0,0,0,1,0
620,322396,-6505,-2951,9451,-4,-2,1,0,0,0,0,1,0
621,322917,-4984,-4683,9675,0,2,-4,0,0,0,0,1,0
622,323438,-3263,-6242,9517,2,2,1,0,0,0,0,1,0
623,323958,-1428,-7567,8999,-1,2,0,0,0,0,0,1,0
624,324479,463,-8597,8132,-1,2,4,0,0,0,0,1,0
625,325000,2339,-9296,6954,-2,-2,4,0,0,0,0,1,0
626,325521,4129,-9635,5511,4,-1,-1,0,0,0,0,1,0
627,326042,5756,-9609,3859,1,-1,3,0,0,0,0,1,0
628,326562,7159,-9207,2051,0,1,6,0,0,0,0,1,0
629,327083,8288,-8456,169,0,0,0,0,0,0,0,1,0
630,327604,9100,-7379,-1720,2,1,-1,0,0,0,0,1,0
631,328125,9567,-6023,-3543,2,-1,2,0,0,0,0,1,0
632,328646,9662,-4426,-5229,0,-4,0,0,0,0,0,1,0
633,329167,9385,-2662,-6717,0,-4,2,0,0,0,0,1,0
634,329688,8750,-802,-7942,-3,0,-1,0,0,0,0,1,0
635,330208,7777,1096,-8870,0,-2,0,0,0,0,0,1,0
636,330729,6510,2950,-9453,0,-2,0,0,0,0,0,1,0
637,331250,4982,4694,-9670,0,0,0,0,0,0,0,1,0
638,331771,3270,6244,-9515,0,-2,1,0,0,0,0,1,0
639,332292,1429,7570,-8996,-1,0,0,0,0,0,0,1,0
640,332812,-460,8600,-8131,-1,-1,0,0,0,0,0,1,0
