1,0,-1065,8624,-7555,79,-1126,1038,0,0,0,0,0,0,1
2,521,-2871,9180,-6310,325,-1212,887,0,0,0,0,0,0,1
3,1042,-4562,9392,-4833,552,-1254,695,0,0,0,0,0,0,1
4,1562,-6074,9246,-3170,765,-1243,480,0,0,0,0,0,0,1
5,2083,-7352,8744,-1386,943,-1192,248,0,0,0,0,0,0,1
6,2604,-8359,7894,457,1087,-1086,1,0,0,0,0,0,0,1
7,3125,-9033,6755,2280,1186,-945,-243,0,0,0,0,0,0,1
8,3646,-9362,5350,4005,1245,-762,-479,0,0,0,0,0,0,1
9,4167,-9336,3744,5597,1251,-556,-696,0,0,0,0,0,0,1
10,4688,-8942,1989,6962,1212,-326,-883,0,0,0,0,0,0,1
11,5208,-8213,160,8055,1129,-87,-1045,0,0,0,0,0,0,1
12,5729,-7170,-1679,8843,994,162,-1160,0,0,0,0,0,0,1
13,6250,-5846,-3449,9296,828,405,-1232,0,0,0,0,0,0,1
14,6771,-4297,-5090,9385,626,624,-1256,0,0,0,0,0,0,1
15,7292,-2583,-6530,9113,404,827,-1234,0,0,0,0,0,0,1
16,7812,-774,-7723,8495,162,995,-1156,0,0,0,0,0,0,1
17,8333,1070,-8621,7551,-84,1126,-1040,0,0,0,0,0,0,1
18,8854,2873,-9185,6319,-323,1209,-883,0,0,0,0,0,0,1
19,9375,4563,-9394,4840,-557,1252,-699,0,0,0,0,0,0,1
20,9896,6073,-9245,3169,-761,1244,-479,0,0,0,0,0,0,1
21,10417,7359,-8738,1387,-944,1190,-247,0,0,0,0,0,0,1
22,10938,8351,-7899,-457,-1088,1086,-4,0,0,0,0,0,0,1
23,11458,9034,-6754,-2277,-1189,941,244,0,0,0,0,0,0,1
24,11979,9365,-5347,-4016,-1245,763,480,0,0,0,0,0,0,1
25,12500,9341,-3740,-5594,-1250,557,700,0,0,0,0,0,0,1
26,13021,8943,-1993,-6959,-1211,325,886,0,0,0,0,0,0,1
27,13542,8216,-161,-8060,-1125,84,1041,0,0,0,0,0,0,1
28,14062,7167,1677,-8846,-1001,-164,1161,0,0,0,0,0,0,1
29,14583,5852,3451,-9294,-828,-400,1231,0,0,0,0,0,0,1
30,15104,4295,5087,-9385,-630,-627,1253,0,0,0,0,0,0,1
31,15625,2586,6533,-9114,-405,-827,1228,0,0,0,0,0,0,1
32,16146,770,7718,-8500,-165,-994,1162,0,0,0,0,0,0,1
33,16667,-1071,8620,-7554,83,-1123,1045,0,0,0,0,0,0,1
34,17188,-2871,9188,-6316,325,-1210,887,0,0,0,0,0,0,1
35,17708,-4561,9394,-4835,550,-1256,699,0,0,0,0,0,0,1
36,18229,-6074,9246,-3174,761,-1247,482,0,0,0,0,0,0,1
37,18750,-7354,8733,-1382,945,-1188,248,0,0,0,0,0,0,1
38,19271,-8354,7900,458,1085,-1086,4,0,0,0,0,0,0,1
39,19792,-9036,6761,2279,1189,-945,-241,0,0,0,0,0,0,1
40,20312,-9365,5354,4010,1244,-764,-483,0,0,0,0,0,0,1
41,20833,-9335,3748,5593,1248,-559,-700,0,0,0,0,0,0,1
42,21354,-8947,1986,6958,1210,-327,-888,0,0,0,0,0,0,1
43,21875,-8215,154,8058,1124,-82,-1046,0,0,0,0,0,0,1
44,22396,-7166,-1681,8843,994,161,-1159,0,0,0,0,0,0,1
45,22917,-5847,-3449,9299,830,405,-1232,0,0,0,0,0,0,1
46,23438,-4293,-5088,9388,630,627,-1255,0,0,0,0,0,0,1
47,23958,-2584,-6533,9117,403,827,-1232,0,0,0,0,0,0,1
48,24479,-773,-7723,8493,168,998,-1158,0,0,0,0,0,0,1
49,25000,1073,-8625,7548,-84,1122,-1040,0,0,0,0,0,0,1
50,25521,2868,-9184,6312,-325,1214,-888,0,0,0,0,0,0,1
51,26042,4558,-9398,4835,-554,1252,-701,0,0,0,0,0,0,1
52,26562,6080,-9246,3172,-763,1246,-480,0,0,0,0,0,0,1
53,27083,7355,-8744,1382,-940,1189,-247,0,0,0,0,0,0,1
54,27604,8354,-7900,-458,-1084,1083,-2,0,0,0,0,0,0,1
55,28125,9033,-6753,-2280,-1185,943,245,0,0,0,0,0,0,1
56,28646,9364,-5352,-4014,-1245,762,483,0,0,0,0,0,0,1
57,29167,9334,-3743,-5594,-1250,557,696,0,0,0,0,0,0,1
58,29688,8950,-1987,-6964,-1212,328,885,0,0,0,0,0,0,1
59,30208,8215,-157,-8057,-1124,88,1040,0,0,0,0,0,0,1
60,30729,7170,1680,-8847,-997,-168,1163,0,0,0,0,0,0,1
61,31250,5845,3451,-9294,-828,-404,1231,0,0,0,0,0,0,1
62,31771,4299,5088,-9386,-631,-627,1251,0,0,0,0,0,0,1
63,32292,2577,6530,-9118,-401,-823,1228,0,0,0,0,0,0,1
64,32812,769,7722,-8499,-165,-995,1160,0,0,0,0,0,0,1
65,33333,-1069,8620,-7555,79,-1124,1045,0,0,0,0,0,0,1
66,33854,-2866,9182,-6314,323,-1212,888,0,0,0,0,0,0,1
67,34375,-4556,9397,-4834,554,-1251,702,0,0,0,0,0,0,1
68,34896,-6072,9240,-3170,761,-1241,480,0,0,0,0,0,0,1
69,35417,-7354,8742,-1383,942,-1188,245,0,0,0,0,0,0,1
70,35938,-8358,7902,457,1083,-1090,-1,0,0,0,0,0,0,1
71,36458,-9035,6761,2276,1188,-943,-244,0,0,0,0,0,0,1
72,36979,-9361,5353,4014,1242,-765,-479,0,0,0,0,0,0,1
73,37500,-9337,3736,5594,1250,-555,-696,0,0,0,0,0,0,1
74,38021,-8949,1988,6962,1212,-324,-886,0,0,0,0,0,0,1
75,38542,-8210,158,8056,1124,-83,-1042,0,0,0,0,0,0,1
76,39062,-7173,-1682,8847,996,165,-1156,0,0,0,0,0,0,1
77,39583,-5845,-3456,9294,828,403,-1230,0,0,0,0,0,0,1
78,40104,-4296,-5086,9382,627,623,-1253,0,0,0,0,0,0,1
79,40625,-2586,-6534,9114,405,827,-1229,0,0,0,0,0,0,1
80,41146,-770,-7720,8499,165,995,-1161,0,0,0,0,0,0,1
81,41667,1068,-8624,7554,-81,1124,-1044,0,0,0,0,0,0,1
82,42188,2871,-9185,6321,-328,1209,-887,0,0,0,0,0,0,1
83,42708,4552,-9398,4834,-559,1251,-696,0,0,0,0,0,0,1
84,43229,6082,-9251,3170,-764,1248,-481,0,0,0,0,0,0,1
85,43750,7362,-8739,1385,-940,1185,-247,0,0,0,0,0,0,1
86,44271,8357,-7899,-457,-1087,1085,-2,0,0,0,0,0,0,1
87,44792,9031,-6752,-2280,-1189,946,241,0,0,0,0,0,0,1
88,45312,9363,-5351,-4011,-1240,765,479,0,0,0,0,0,0,1
89,45833,9338,-3745,-5594,-1249,560,698,0,0,0,0,0,0,1
90,46354,8948,-1989,-6959,-1210,322,885,0,0,0,0,0,0,1
91,46875,8214,-160,-8059,-1125,84,1040,0,0,0,0,0,0,1
92,47396,7170,1684,-8845,-996,-163,1158,0,0,0,0,0,0,1
93,47917,5842,3449,-9294,-827,-401,1230,0,0,0,0,0,0,1
94,48438,4298,5089,-9388,-629,-629,1255,0,0,0,0,0,0,1
95,48958,2584,6526,-9115,-404,-826,1229,0,0,0,0,0,0,1
96,49479,774,7722,-8495,-166,-994,1156,0,0,0,0,0,0,1
97,50000,-1067,8612,-7551,80,-1125,1044,0,0,0,0,0,0,1
98,50521,-2875,9186,-6313,325,-1210,885,0,0,0,0,0,0,1
99,51042,-4563,9393,-4837,551,-1252,697,0,0,0,0,0,0,1
100,51562,-6078,9253,-3162,765,-1244,478,0,0,0,0,0,0,1
101,52083,-7352,8737,-1379,941,-1189,247,0,0,0,0,0,0,1
102,52604,-8355,7900,455,1084,-1086,2,0,0,0,0,0,0,1
103,53125,-9032,6762,2276,1187,-943,-245,0,0,0,0,0,0,1
104,53646,-9365,5346,4015,1244,-763,-477,0,0,0,0,0,0,1
105,54167,-9333,3744,5591,1251,-555,-697,0,0,0,0,0,0,1
106,54688,-8942,1985,6958,1213,-325,-885,0,0,0,0,0,0,1
107,55208,-8218,162,8056,1121,-82,-1044,0,0,0,0,0,0,1
108,55729,-7171,-1679,8848,996,161,-1160,0,0,0,0,0,0,1
109,56250,-5844,-3445,9297,826,402,-1232,0,0,0,0,0,0,1
110,56771,-4298,-5094,9384,632,622,-1255,0,0,0,0,0,0,1
111,57292,-2582,-6527,9116,402,825,-1233,0,0,0,0,0,0,1
112,57812,-775,-7720,8500,163,998,-1158,0,0,0,0,0,0,1
113,58333,1075,-8623,7549,-84,1125,-1047,0,0,0,0,0,0,1
114,58854,2871,-9187,6311,-323,1211,-887,0,0,0,0,0,0,1
115,59375,4561,-9395,4833,-556,1250,-701,0,0,0,0,0,0,1
116,59896,6073,-9244,3172,-760,1242,-483,0,0,0,0,0,0,1
117,60417,7358,-8738,1385,-942,1187,-246,0,0,0,0,0,0,1
118,60938,8358,-7898,-454,-1087,1083,-1,0,0,0,0,0,0,1
119,61458,9039,-6756,-2281,-1186,946,244,0,0,0,0,0,0,1
120,61979,9360,-5349,-4011,-1241,766,480,0,0,0,0,0,0,1
121,62500,9335,-3743,-5597,-1253,558,692,0,0,0,0,0,0,1
122,63021,8947,-1985,-6967,-1211,323,885,0,0,0,0,0,0,1
123,63542,8222,-156,-8058,-1126,84,1042,0,0,0,0,0,0,1
124,64062,7171,1671,-8844,-996,-161,1157,0,0,0,0,0,0,1
125,64583,5840,3447,-9289,-829,-404,1228,0,0,0,0,0,0,1
126,65104,4296,5093,-9385,-630,-624,1259,0,0,0,0,0,0,1
127,65625,2587,6534,-9114,-405,-824,1229,0,0,0,0,0,0,1
128,66146,769,7723,-8492,-166,-996,1162,0,0,0,0,0,0,1
129,66667,-1066,8615,-7548,79,-1124,1048,0,0,0,0,0,0,1
130,67188,-2869,9181,-6316,324,-1213,888,0,0,0,0,0,0,1
131,67708,-4561,9394,-4835,553,-1250,699,0,0,0,0,0,0,1
132,68229,-6077,9246,-3171,769,-1247,481,0,0,0,0,0,0,1
133,68750,-7358,8745,-1385,940,-1187,245,0,0,0,0,0,0,1
134,69271,-8355,7901,457,1087,-1088,3,0,0,0,0,0,0,1
135,69792,-9031,6754,2284,1188,-942,-245,0,0,0,0,0,0,1
136,70312,-9360,5348,4010,1243,-763,-479,0,0,0,0,0,0,1
137,70833,-9339,3744,5593,1255,-555,-696,0,0,0,0,0,0,1
138,71354,-8944,1988,6952,1213,-325,-887,0,0,0,0,0,0,1
139,71875,-8220,160,8055,1126,-81,-1043,0,0,0,0,0,0,1
140,72396,-7168,-1680,8844,995,164,-1156,0,0,0,0,0,0,1
141,72917,-5842,-3450,9293,827,403,-1232,0,0,0,0,0,0,1
142,73438,-4296,-5089,9388,631,630,-1255,0,0,0,0,0,0,1
143,73958,-2586,-6532,9112,404,829,-1230,0,0,0,0,0,0,1
144,74479,-772,-7722,8495,168,994,-1160,0,0,0,0,0,0,1
145,75000,1068,-8621,7551,-80,1123,-1043,0,0,0,0,0,0,1
146,75521,2873,-9183,6313,-321,1211,-884,0,0,0,0,0,0,1
147,76042,4560,-9395,4832,-556,1252,-702,0,0,0,0,0,0,1
148,76562,6081,-9243,3176,-758,1244,-484,0,0,0,0,0,0,1
149,77083,7356,-8732,1385,-942,1188,-247,0,0,0,0,0,0,1
150,77604,8358,-7894,-452,-1089,1086,1,0,0,0,0,0,0,1
151,78125,9037,-6759,-2275,-1190,945,245,0,0,0,0,0,0,1
152,78646,9364,-5355,-4012,-1246,767,479,0,0,0,0,0,0,1
153,79167,9340,-3745,-5594,-1253,557,698,0,0,0,0,0,0,1
154,79688,8947,-1987,-6960,-1213,326,885,0,0,0,0,0,0,1
155,80208,8217,-162,-8054,-1123,85,1045,0,0,0,0,0,0,1
156,80729,7167,1675,-8845,-995,-165,1158,0,0,0,0,0,0,1
157,81250,5844,3449,-9293,-828,-401,1232,0,0,0,0,0,0,1
158,81771,4302,5083,-9385,-626,-624,1256,0,0,0,0,0,0,1
159,82292,2586,6533,-9117,-400,-830,1229,0,0,0,0,0,0,1
160,82812,774,7719,-8497,-168,-996,1159,0,0,0,0,0,0,1
161,83333,-1076,8619,-7550,83,-1124,1043,0,0,0,0,0,0,1
162,83854,-2871,9185,-6314,322,-1215,885,0,0,0,0,0,0,1
163,84375,-4561,9395,-4831,558,-1252,696,0,0,0,0,0,0,1
164,84896,-6080,9249,-3171,764,-1241,480,0,0,0,0,0,0,1
165,85417,-7355,8744,-1379,938,-1190,244,0,0,0,0,0,0,1
166,85938,-8352,7897,458,1086,-1087,3,0,0,0,0,0,0,1
167,86458,-9040,6758,2273,1191,-943,-243,0,0,0,0,0,0,1
168,86979,-9366,5353,4016,1244,-766,-481,0,0,0,0,0,0,1
169,87500,-9336,3740,5595,1252,-557,-694,0,0,0,0,0,0,1
170,88021,-8947,1986,6956,1215,-324,-890,0,0,0,0,0,0,1
171,88542,-8214,161,8054,1126,-83,-1047,0,0,0,0,0,0,1
172,89062,-7165,-1672,8846,1001,163,-1159,0,0,0,0,0,0,1
173,89583,-5845,-3454,9293,829,407,-1230,0,0,0,0,0,0,1
174,90104,-4298,-5086,9385,629,626,-1255,0,0,0,0,0,0,1
175,90625,-2590,-6530,9119,405,826,-1229,0,0,0,0,0,0,1
176,91146,-767,-7723,8496,162,989,-1159,0,0,0,0,0,0,1
177,91667,1070,-8623,7553,-81,1123,-1041,0,0,0,0,0,0,1
178,92188,2868,-9182,6321,-324,1215,-889,0,0,0,0,0,0,1
179,92708,4558,-9399,4833,-554,1249,-694,0,0,0,0,0,0,1
180,93229,6085,-9249,3169,-759,1240,-485,0,0,0,0,0,0,1
181,93750,7362,-8744,1380,-941,1189,-245,0,0,0,0,0,0,1
182,94271,8355,-7905,-460,-1088,1088,-2,0,0,0,0,0,0,1
183,94792,9037,-6752,-2280,-1189,941,243,0,0,0,0,0,0,1
184,95312,9366,-5354,-4012,-1241,763,475,0,0,0,0,0,0,1
185,95833,9336,-3737,-5599,-1254,558,695,0,0,0,0,0,0,1
186,96354,8947,-1987,-6960,-1210,327,887,0,0,0,0,0,0,1
187,96875,8221,-153,-8060,-1124,81,1044,0,0,0,0,0,0,1
188,97396,7170,1678,-8842,-993,-164,1160,0,0,0,0,0,0,1
189,97917,5847,3454,-9295,-827,-402,1230,0,0,0,0,0,0,1
190,98438,4296,5086,-9384,-630,-629,1257,0,0,0,0,0,0,1
191,98958,2585,6528,-9120,-407,-827,1232,0,0,0,0,0,0,1
192,99479,771,7725,-8497,-164,-994,1157,0,0,0,0,0,0,1
193,100000,-1069,8622,-7552,82,-1127,1046,0,0,0,0,0,0,1
194,100521,-2869,9176,-6318,326,-1211,887,0,0,0,0,0,0,1
195,101042,-4562,9396,-4841,552,-1250,695,0,0,0,0,0,0,1
196,101562,-6075,9244,-3173,762,-1245,483,0,0,0,0,0,0,1
197,102083,-7352,8739,-1381,943,-1190,246,0,0,0,0,0,0,1
198,102604,-8354,7900,454,1087,-1084,1,0,0,0,0,0,0,1
199,103125,-9036,6751,2274,1187,-944,-245,0,0,0,0,0,0,1
200,103646,-9366,5354,4016,1243,-765,-480,0,0,0,0,0,0,1
201,104167,-9339,3745,5589,1253,-556,-698,0,0,0,0,0,0,1
202,104688,-8951,1988,6953,1214,-327,-887,0,0,0,0,0,0,1
203,105208,-8214,161,8054,1129,-84,-1046,0,0,0,0,0,0,1
204,105729,-7164,-1675,8849,994,159,-1159,0,0,0,0,0,0,1
205,106250,-5846,-3451,9295,833,403,-1226,0,0,0,0,0,0,1
206,106771,-4293,-5084,9382,632,622,-1254,0,0,0,0,0,0,1
207,107292,-2585,-6527,9109,405,833,-1232,0,0,0,0,0,0,1
208,107812,-771,-7727,8498,162,995,-1163,0,0,0,0,0,0,1
209,108333,1066,-8618,7547,-80,1125,-1046,0,0,0,0,0,0,1
210,108854,2877,-9185,6315,-328,1211,-886,0,0,0,0,0,0,1
211,109375,4562,-9391,4834,-554,1254,-699,0,0,0,0,0,0,1
212,109896,6080,-9243,3168,-763,1244,-481,0,0,0,0,0,0,1
213,110417,7361,-8745,1385,-943,1187,-245,0,0,0,0,0,0,1
214,110938,8354,-7893,-453,-1085,1085,-3,0,0,0,0,0,0,1
215,111458,9038,-6752,-2276,-1186,945,242,0,0,0,0,0,0,1
216,111979,9365,-5348,-4013,-1245,762,479,0,0,0,0,0,0,1
217,112500,9337,-3740,-5593,-1251,559,699,0,0,0,0,0,0,1
218,113021,8951,-1986,-6958,-1213,328,891,0,0,0,0,0,0,1
219,113542,8218,-154,-8056,-1129,89,1040,0,0,0,0,0,0,1
220,114062,7168,1674,-8848,-997,-165,1157,0,0,0,0,0,0,1
221,114583,5841,3449,-9297,-828,-401,1229,0,0,0,0,0,0,1
222,115104,4300,5084,-9386,-627,-625,1252,0,0,0,0,0,0,1
223,115625,2587,6529,-9119,-404,-826,1233,0,0,0,0,0,0,1
224,116146,774,7724,-8500,-164,-995,1158,0,0,0,0,0,0,1
225,116667,-1067,8621,-7555,83,-1124,1048,0,0,0,0,0,0,1
226,117188,-2871,9181,-6314,325,-1211,890,0,0,0,0,0,0,1
227,117708,-4558,9396,-4830,550,-1252,698,0,0,0,0,0,0,1
228,118229,-6081,9242,-3172,763,-1243,481,0,0,0,0,0,0,1
229,118750,-7357,8738,-1382,936,-1189,246,0,0,0,0,0,0,1
230,119271,-8356,7903,452,1085,-1084,-2,0,0,0,0,0,0,1
231,119792,-9032,6756,2277,1190,-947,-240,0,0,0,0,0,0,1
232,120312,-9363,5351,4011,1243,-763,-481,0,0,0,0,0,0,1
233,120833,-9341,3734,5592,1253,-557,-693,0,0,0,0,0,0,1
234,121354,-8945,1989,6955,1210,-324,-885,0,0,0,0,0,0,1
235,121875,-8213,159,8055,1125,-83,-1042,0,0,0,0,0,0,1
236,122396,-7170,-1674,8853,995,162,-1156,0,0,0,0,0,0,1
237,122917,-5843,-3450,9294,828,399,-1228,0,0,0,0,0,0,1
238,123438,-4300,-5090,9384,628,628,-1254,0,0,0,0,0,0,1
239,123958,-2583,-6527,9115,404,825,-1228,0,0,0,0,0,0,1
240,124479,-774,-7724,8499,164,998,-1160,0,0,0,0,0,0,1
241,125000,1067,-8615,7550,-80,1123,-1046,0,0,0,0,0,0,1
242,125521,2866,-9182,6313,-325,1215,-890,0,0,0,0,0,0,1
243,126042,4563,-9395,4833,-555,1252,-698,0,0,0,0,0,0,1
244,126562,6074,-9252,3174,-764,1244,-481,0,0,0,0,0,0,1
245,127083,7351,-8742,1378,-946,1185,-243,0,0,0,0,0,0,1
246,127604,8358,-7898,-463,-1086,1090,0,0,0,0,0,0,0,1
247,128125,9031,-6759,-2277,-1189,942,242,0,0,0,0,0,0,1
248,128646,9369,-5353,-4018,-1246,764,478,0,0,0,0,0,0,1
249,129167,9336,-3748,-5595,-1254,554,694,0,0,0,0,0,0,1
250,129688,8949,-1989,-6960,-1212,327,884,0,0,0,0,0,0,1
251,130208,8219,-157,-8063,-1126,85,1041,0,0,0,0,0,0,1
252,130729,7170,1679,-8850,-999,-161,1158,0,0,0,0,0,0,1
253,131250,5845,3454,-9293,-831,-402,1229,0,0,0,0,0,0,1
254,131771,4303,5085,-9384,-629,-629,1257,0,0,0,0,0,0,1
255,132292,2584,6530,-9116,-405,-827,1232,0,0,0,0,0,0,1
256,132812,777,7728,-8493,-164,-994,1161,0,0,0,0,0,0,1
257,133333,-1070,8617,-7547,81,-1123,1043,0,0,0,0,0,0,1
258,133854,-2869,9185,-6312,324,-1214,889,0,0,0,0,0,0,1
259,134375,-4556,9390,-4840,553,-1250,699,0,0,0,0,0,0,1
260,134896,-6075,9250,-3171,763,-1245,481,0,0,0,0,0,0,1
261,135417,-7356,8742,-1381,946,-1188,248,0,0,0,0,0,0,1
262,135938,-8354,7902,455,1087,-1087,0,0,0,0,0,0,0,1
263,136458,-9036,6757,2278,1188,-942,-244,0,0,0,0,0,0,1
264,136979,-9369,5351,4007,1243,-762,-479,0,0,0,0,0,0,1
265,137500,-9336,3744,5589,1252,-552,-696,0,0,0,0,0,0,1
266,138021,-8947,1990,6959,1213,-325,-885,0,0,0,0,0,0,1
267,138542,-8221,156,8056,1127,-80,-1044,0,0,0,0,0,0,1
268,139062,-7168,-1679,8845,995,165,-1161,0,0,0,0,0,0,1
269,139583,-5846,-3447,9292,828,402,-1230,0,0,0,0,0,0,1
270,140104,-4293,-5090,9384,630,625,-1253,0,0,0,0,0,0,1
271,140625,-2588,-6532,9119,405,827,-1232,0,0,0,0,0,0,1
272,141146,-769,-7726,8497,165,995,-1160,0,0,0,0,0,0,1
273,141667,1074,-8616,7549,-82,1127,-1044,0,0,0,0,0,0,1
274,142188,2868,-9185,6316,-322,1212,-886,0,0,0,0,0,0,1
275,142708,4562,-9391,4839,-553,1252,-697,0,0,0,0,0,0,1
276,143229,6075,-9245,3170,-764,1242,-480,0,0,0,0,0,0,1
277,143750,7355,-8737,1383,-942,1188,-245,0,0,0,0,0,0,1
278,144271,8355,-7906,-459,-1081,1089,-1,0,0,0,0,0,0,1
279,144792,9036,-6754,-2281,-1187,943,246,0,0,0,0,0,0,1
280,145312,9370,-5358,-4013,-1246,762,479,0,0,0,0,0,0,1
281,145833,9335,-3745,-5595,-1252,554,695,0,0,0,0,0,0,1
282,146354,8950,-1989,-6957,-1212,328,888,0,0,0,0,0,0,1
283,146875,8214,-155,-8058,-1125,83,1042,0,0,0,0,0,0,1
284,147396,7168,1680,-8845,-996,-162,1159,0,0,0,0,0,0,1
285,147917,5855,3448,-9291,-824,-402,1233,0,0,0,0,0,0,1
286,148438,4301,5088,-9385,-630,-626,1252,0,0,0,0,0,0,1
287,148958,2582,6534,-9119,-402,-824,1229,0,0,0,0,0,0,1
288,149479,773,7719,-8497,-164,-995,1159,0,0,0,0,0,0,1
289,150000,-1071,8615,-7553,80,-1124,1050,0,0,0,0,0,0,1
290,150521,-2867,9183,-6314,322,-1215,887,0,0,0,0,0,0,1
291,151042,-4561,9391,-4835,557,-1255,700,0,0,0,0,0,0,1
292,151562,-6075,9243,-3173,763,-1245,483,0,0,0,0,0,0,1
293,152083,-7354,8741,-1382,944,-1194,244,0,0,0,0,0,0,1
294,152604,-8355,7902,453,1088,-1090,1,0,0,0,0,0,0,1
295,153125,-9030,6755,2283,1185,-944,-242,0,0,0,0,0,0,1
296,153646,-9364,5358,4011,1243,-766,-478,0,0,0,0,0,0,1
297,154167,-9333,3744,5594,1254,-557,-700,0,0,0,0,0,0,1
298,154688,-8949,1987,6962,1212,-321,-888,0,0,0,0,0,0,1
299,155208,-8217,157,8051,1125,-83,-1044,0,0,0,0,0,0,1
300,155729,-7167,-1674,8848,993,160,-1159,0,0,0,0,0,0,1
301,156250,-5849,-3451,9294,830,403,-1231,0,0,0,0,0,0,1
302,156771,-4300,-5087,9387,631,626,-1253,0,0,0,0,0,0,1
303,157292,-2582,-6530,9123,405,825,-1226,0,0,0,0,0,0,1
304,157812,-774,-7726,8498,165,996,-1159,0,0,0,0,0,0,1
305,158333,1066,-8619,7553,-83,1122,-1041,0,0,0,0,0,0,1
306,158854,2875,-9188,6316,-324,1213,-886,0,0,0,0,0,0,1
307,159375,4563,-9400,4837,-553,1251,-699,0,0,0,0,0,0,1
308,159896,6074,-9241,3175,-761,1244,-479,0,0,0,0,0,0,1
309,160417,7359,-8740,1374,-939,1191,-247,0,0,0,0,0,0,1
310,160938,8361,-7900,-458,-1090,1088,-2,0,0,0,0,0,0,1
311,161458,9040,-6755,-2279,-1185,944,246,0,0,0,0,0,0,1
312,161979,9367,-5351,-4010,-1245,761,480,0,0,0,0,0,0,1
313,162500,9335,-3746,-5597,-1251,558,698,0,0,0,0,0,0,1
314,163021,8946,-1989,-6962,-1209,326,888,0,0,0,0,0,0,1
315,163542,8215,-162,-8055,-1126,86,1042,0,0,0,0,0,0,1
316,164062,7168,1677,-8845,-996,-163,1157,0,0,0,0,0,0,1
317,164583,5842,3445,-9292,-828,-404,1231,0,0,0,0,0,0,1
318,165104,4299,5087,-9387,-629,-629,1255,0,0,0,0,0,0,1
319,165625,2584,6529,-9114,-404,-824,1230,0,0,0,0,0,0,1
320,166146,770,7724,-8501,-162,-993,1156,0,0,0,0,0,0,1
321,166667,-1067,1663,-588,81,-1126,1042,0,0,0,0,0,0,1
322,167188,-2866,2634,241,323,-2523,2199,0,0,0,0,0,0,1
323,167708,-4559,3495,1061,550,-3739,3185,0,0,0,0,0,0,1
324,168229,-6082,4230,1849,763,-4736,3975,0,0,0,0,0,0,1
325,168750,-7352,4800,2557,942,-5477,4536,0,0,0,0,0,0,1
326,169271,-8361,5184,3169,1088,-5938,4854,0,0,0,0,0,0,1
327,169792,-9027,5373,3663,1184,-6092,4908,0,0,0,0,0,0,1
328,170312,-9368,5346,4009,1243,-5944,4705,0,0,0,0,0,0,1
329,170833,-9339,5124,4212,1255,-5498,4249,0,0,0,0,0,0,1
330,171354,-8949,4701,4243,1211,-4774,3562,0,0,0,0,0,0,1
331,171875,-8217,4101,4118,1127,-3803,2669,0,0,0,0,0,0,1
332,172396,-7170,3338,3825,995,-2610,1616,0,0,0,0,0,0,1
333,172917,-5846,2451,3399,822,-1261,431,0,0,0,0,0,0,1
334,173438,-4296,1469,2826,629,197,-827,0,0,0,0,0,0,1
335,173958,-2587,428,2158,406,1716,-2115,0,0,0,0,0,0,1
336,174479,-770,-628,1401,166,3220,-3391,0,0,0,0,0,0,1
337,175000,1071,-1662,591,-81,4668,-4581,0,0,0,0,0,0,1
338,175521,2872,-2631,-245,-325,5986,-5665,0,0,0,0,0,0,1
339,176042,4557,-3498,-1068,-554,7138,-6577,0,0,0,0,0,0,1
340,176562,6070,-4226,-1848,-759,8064,-7300,0,0,0,0,0,0,1
341,177083,7359,-4796,-2558,-942,8737,-7795,0,0,0,0,0,0,1
342,177604,8354,-5184,-3169,-1086,9128,-8042,0,0,0,0,0,0,1
343,178125,9031,-5371,-3664,-1187,9217,-8036,0,0,0,0,0,0,1
344,178646,9366,-5353,-4015,-1246,9004,-7763,0,0,0,0,0,0,1
345,179167,9340,-5128,-4215,-1255,8499,-7245,0,0,0,0,0,0,1
346,179688,8949,-4704,-4245,-1207,7710,-6494,0,0,0,0,0,0,1
347,180208,8222,-4100,-4115,-1123,6673,-5550,0,0,0,0,0,0,1
348,180729,7167,-3333,-3832,-994,5432,-4433,0,0,0,0,0,0,1
349,181250,5847,-2446,-3397,-826,4024,-3195,0,0,0,0,0,0,1
350,181771,4299,-1462,-2828,-632,2503,-1874,0,0,0,0,0,0,1
351,182292,2580,-432,-2153,-404,933,-530,0,0,0,0,0,0,1
352,182812,776,622,-1406,-164,-631,799,0,0,0,0,0,0,1
353,183333,-1069,1662,-596,82,-2132,2050,0,0,0,0,0,0,1
354,183854,-2875,2627,235,323,-3505,3180,0,0,0,0,0,0,1
355,184375,-4560,3500,1068,553,-4702,4149,0,0,0,0,0,0,1
356,184896,-6070,4226,1845,759,-5683,4921,0,0,0,0,0,0,1
357,185417,-7361,4798,2553,942,-6403,5460,0,0,0,0,0,0,1
358,185938,-8356,5186,3173,1089,-6842,5757,0,0,0,0,0,0,1
359,186458,-9033,5368,3665,1189,-6978,5791,0,0,0,0,0,0,1
360,186979,-9359,5355,4009,1241,-6815,5570,0,0,0,0,0,0,1
361,187500,-9339,5127,4211,1254,-6352,5096,0,0,0,0,0,0,1
362,188021,-8949,4702,4249,1213,-5606,4397,0,0,0,0,0,0,1
363,188542,-8217,4102,4113,1120,-4613,3488,0,0,0,0,0,0,1
364,189062,-7165,3336,3827,994,-3410,2411,0,0,0,1,0,0,1
365,189583,-5839,2454,3391,828,-2050,1217,0,0,0,1,0,0,1
366,190104,-4295,1468,2831,624,-570,-62,0,0,0,1,0,0,1
367,190625,-2590,430,2157,406,959,-1368,0,0,0,1,0,0,1
368,191146,-772,-633,1398,164,2487,-2655,0,0,0,1,0,0,1
369,191667,1072,-1665,588,-82,3944,-3861,0,0,0,1,0,0,1
370,192188,2869,-2634,-243,-322,5286,-4958,0,0,0,1,0,0,1
371,192708,4563,-3496,-1064,-552,6443,-5891,0,0,0,1,0,0,1
372,193229,6078,-4231,-1845,-766,7390,-6628,0,0,0,1,0,0,1
373,193750,7353,-4801,-2560,-942,8072,-7134,0,0,0,1,0,0,1
374,194271,8354,-5184,-3171,-1084,8483,-7392,0,0,0,1,0,0,1
375,194792,9029,-5379,-3666,-1187,8583,-7399,0,0,0,1,0,0,1
376,195312,9369,-5352,-4013,-1246,8382,-7144,0,0,0,1,0,0,1
377,195833,9332,-5124,-4215,-1256,7892,-6637,0,0,0,1,0,0,1
378,196354,8953,-4707,-4248,-1212,7111,-5901,0,0,0,1,0,0,1
379,196875,8215,-4096,-4112,-1122,6087,-4964,0,0,0,1,0,0,1
380,197396,7164,-3336,-3830,-996,4860,-3864,0,0,0,1,0,0,1
381,197917,5841,-2452,-3397,-832,3459,-2634,0,0,0,1,0,0,1
382,198438,4302,-1468,-2834,-629,1949,-1326,0,0,0,1,0,0,1
383,198958,2581,-428,-2157,-406,393,8,0,0,0,1,0,0,1
384,199479,774,626,-1399,-166,-1157,1324,0,0,0,1,0,0,1
385,200000,-1066,1658,-603,80,-2646,2561,0,0,0,1,0,0,1
386,200521,-2873,2634,241,326,-4005,3684,0,0,0,1,0,0,1
387,201042,-4561,3495,1068,552,-5194,4642,0,0,0,1,0,0,1
388,201562,-6076,4224,1846,761,-6167,5402,0,0,0,1,0,0,1
389,202083,-7358,4797,2559,945,-6876,5935,0,0,0,1,0,0,1
390,202604,-8362,5184,3172,1085,-7305,6219,0,0,0,1,0,0,1
391,203125,-9037,5370,3660,1185,-7435,6247,0,0,0,1,0,0,1
392,203646,-9367,5352,4014,1239,-7259,6012,0,0,0,1,0,0,1
393,204167,-9336,5124,4207,1251,-6784,5535,0,0,0,1,0,0,1
394,204688,-8943,4702,4244,1212,-6033,4821,0,0,0,1,0,0,1
395,205208,-8211,4099,4115,1125,-5032,3909,0,0,0,1,1,1,1
396,205729,-7168,3336,3835,996,-3819,2827,0,0,0,1,1,1,1
397,206250,-5850,2448,3398,829,-2446,1619,0,0,0,1,1,1,1
398,206771,-4297,1468,2827,628,-961,337,0,0,0,1,1,1,1
399,207292,-2581,429,2157,408,578,-980,0,0,0,1,1,1,1
400,207812,-776,-634,1403,167,2109,-2276,0,0,0,1,1,1,1
401,208333,1067,-1663,590,-82,3578,-3494,0,0,0,1,1,1,1
402,208854,2872,-2632,-242,-323,4923,-4598,0,0,0,1,1,1,1
403,209375,4562,-3494,-1061,-556,6093,-5538,0,0,0,1,1,1,1
404,209896,6078,-4226,-1851,-763,7043,-6280,0,0,0,1,1,1,1
405,210417,7357,-4803,-2554,-944,7736,-6792,0,0,0,1,1,1,1
406,210938,8356,-5181,-3171,-1087,8146,-7061,0,0,0,1,1,1,1
407,211458,9031,-5373,-3662,-1187,8257,-7067,0,0,0,1,1,1,1
408,211979,9364,-5346,-4013,-1245,8063,-6820,0,0,0,1,1,1,1
409,212500,9332,-5127,-4216,-1250,7579,-6322,0,0,0,1,1,1,1
410,213021,8946,-4700,-4244,-1212,6808,-5597,0,0,0,1,1,1,1
411,213542,8217,-4098,-4117,-1127,5792,-4668,0,0,0,1,1,1,1
412,214062,7168,-3337,-3830,-994,4567,-3565,0,0,0,1,1,1,1
413,214583,5844,-2452,-3399,-830,3168,-2346,0,0,0,1,1,1,1
414,215104,4301,-1468,-2830,-628,1671,-1043,0,0,0,1,1,1,1
415,215625,2584,-421,-2152,-404,116,285,0,0,0,1,1,1,1
416,216146,769,625,-1400,-162,-1425,1594,0,0,0,1,1,1,1
417,216667,-1072,1660,-588,79,-2910,2826,0,0,0,1,1,1,1
418,217188,-2872,2627,242,323,-4270,3944,0,0,0,1,1,1,1
419,217708,-4558,3499,1063,552,-5451,4894,0,0,0,1,1,1,1
420,218229,-6073,4226,1844,763,-6414,5650,0,0,0,1,1,1,1
421,218750,-7360,4797,2558,941,-7119,6180,0,0,0,1,1,1,1
422,219271,-8355,5186,3171,1089,-7547,6460,0,0,0,1,1,1,1
423,219792,-9030,5365,3665,1194,-7668,6482,0,0,0,1,1,1,1
424,220312,-9363,5352,4011,1243,-7483,6242,0,0,0,1,1,1,1
425,220833,-9330,5117,4210,1257,-7010,5759,0,0,0,1,1,1,1
426,221354,-8952,4702,4248,1216,-6256,5039,0,0,0,1,1,1,1
427,221875,-8218,4099,4118,1124,-5249,4122,0,0,0,1,1,1,1
428,222396,-7165,3336,3833,996,-4032,3037,0,0,0,1,1,1,1
429,222917,-5848,2450,3397,829,-2649,1824,0,0,0,1,1,1,1
430,223438,-4297,1464,2829,629,-1161,531,0,0,0,1,1,1,1
431,223958,-2581,420,2160,404,381,-785,0,0,0,1,1,1,1
432,224479,-772,-627,1405,166,1915,-2085,0,0,0,1,1,1,1
433,225000,1068,-1658,590,-77,3384,-3306,0,0,0,1,1,1,1
434,225521,2869,-2628,-239,-324,4735,-4411,0,0,0,1,1,1,1
435,226042,4559,-3497,-1064,-554,5909,-5358,0,0,0,1,1,1,1
436,226562,6075,-4229,-1846,-762,6865,-6100,0,0,0,1,1,1,1
437,227083,7361,-4800,-2557,-942,7562,-6618,0,0,0,1,1,1,1
438,227604,8360,-5185,-3167,-1084,7976,-6892,0,0,0,1,1,1,1
439,228125,9039,-5374,-3665,-1187,8091,-6899,0,0,0,1,1,1,1
440,228646,9364,-5351,-4016,-1244,7901,-6656,0,0,0,1,1,1,1
441,229167,9337,-5127,-4212,-1250,7418,-6163,0,0,0,1,1,1,1
442,229688,8946,-4707,-4243,-1214,6649,-5435,0,0,0,1,1,1,1
443,230208,8219,-4100,-4119,-1125,5636,-4509,0,0,0,1,1,1,1
444,230729,7165,-3340,-3830,-996,4414,-3420,0,0,0,1,1,1,1
445,231250,5846,-2446,-3394,-825,3026,-2198,0,0,0,1,1,1,1
446,231771,4299,-1470,-2832,-631,1526,-901,0,0,0,1,1,1,1
447,232292,2589,-427,-2161,-408,-25,428,0,0,0,1,1,1,1
448,232812,769,626,-1399,-164,-1565,1730,0,0,0,1,1,1,1
449,233333,-1074,1664,-593,80,-3043,2962,0,0,0,1,1,1,1
450,233854,-2870,2626,244,322,-4399,4076,0,0,0,1,1,1,1
451,234375,-4561,3499,1065,554,-5580,5027,0,0,0,1,1,1,1
452,234896,-6076,4225,1851,765,-6542,5777,0,0,0,1,1,1,1
453,235417,-7358,4795,2563,940,-7244,6300,0,0,0,1,1,1,1
454,235938,-8353,5187,3177,1089,-7663,6580,0,0,0,1,1,1,1
455,236458,-9029,5371,3668,1189,-7789,6600,0,0,0,1,1,1,1
456,236979,-9363,5351,4012,1244,-7606,6362,0,0,0,1,1,1,1
457,237500,-9336,5126,4207,1250,-7124,5870,0,0,0,1,1,1,1
458,238021,-8951,4702,4247,1212,-6369,5156,0,0,0,1,1,1,1
459,238542,-8217,4101,4118,1124,-5359,4229,0,0,0,1,0,0,1
460,239062,-7166,3341,3827,997,-4140,3144,0,0,0,1,0,0,1
461,239583,-5466,-3989,9454,830,-2759,1929,0,0,0,1,0,0,1
462,240104,-3849,-5587,9440,706,-2569,1859,0,0,0,1,0,0,1
463,240625,-2087,-6982,9065,574,-2400,1822,0,0,0,1,0,0,1
464,241146,-234,-8103,8337,434,-2243,1811,0,0,0,1,0,0,1
465,241667,1624,-8921,7295,287,-2108,1826,0,0,0,1,0,0,1
466,242188,3413,-9380,5959,142,-2007,1862,0,0,0,1,0,0,1
467,242708,5079,-9483,4412,7,-1923,1922,0,0,0,1,0,0,1
468,243229,6540,-9229,2685,-117,-1876,1994,0,0,0,1,0,0,1
469,243750,7762,-8612,856,-229,-1854,2082,0,0,0,1,0,0,1
470,244271,8678,-7674,-1007,-318,-1859,2176,0,0,0,1,0,0,1
471,244792,9266,-6438,-2827,-379,-1891,2266,0,0,0,1,0,0,1
472,245312,9499,-4951,-4543,-420,-1941,2358,0,0,0,1,0,0,1
473,245833,9358,-3270,-6084,-428,-2008,2435,0,0,0,1,0,0,1
474,246354,8866,-1474,-7387,-409,-2091,2500,0,0,0,1,0,0,1
475,246875,8023,384,-8406,-371,-2181,2552,0,0,0,1,0,0,1
476,247396,6877,2233,-9106,-298,-2271,2573,0,0,0,1,0,0,1
477,247917,5467,3986,-9458,-214,-2360,2576,0,0,0,0,0,0,1
478,248438,3853,5594,-9441,-105,-2447,2554,0,0,0,0,0,0,1
479,248958,2083,6986,-9063,15,-2513,2501,0,0,0,0,0,0,1
480,249479,232,8104,-8340,146,-2567,2422,0,0,0,0,0,0,1
481,250000,-1620,8914,-7295,285,-2603,2320,0,0,0,0,0,0,1
482,250521,-3418,9379,-5961,414,-2611,2200,0,0,0,0,0,0,1
483,251042,-5076,9484,-4410,537,-2593,2054,0,0,0,0,0,0,1
484,251562,-6549,9232,-2682,652,-2551,1898,0,0,0,0,0,0,1
485,252083,-7762,8612,-857,747,-2481,1731,0,0,0,0,0,0,1
486,252604,-8681,7678,1007,823,-2390,1562,0,0,0,0,0,0,1
487,253125,-9261,6432,2825,880,-2269,1391,0,0,0,0,0,0,1
488,253646,-9490,4947,4544,909,-2133,1224,0,0,0,0,0,0,1
489,254167,-9357,3273,6079,907,-1977,1076,0,0,0,0,0,0,1
490,254688,-8860,1470,7388,882,-1819,937,0,0,0,0,0,0,1
491,255208,-8022,-386,8409,828,-1645,820,0,0,0,0,0,0,1
492,255729,-6882,-2235,9113,754,-1472,724,0,0,0,0,0,0,1
493,256250,-5469,-3988,9456,649,-1307,654,0,0,0,0,0,0,1
494,256771,-3848,-5593,9445,538,-1151,613,0,0,0,0,0,0,1
495,257292,-2079,-6984,9064,404,-1000,596,0,0,0,0,0,0,1
496,257812,-228,-8099,8340,268,-878,610,0,0,0,0,0,0,1
497,258333,1623,-8913,7294,123,-777,652,0,0,0,0,0,0,1
498,258854,3418,-9382,5968,-10,-697,714,0,0,0,0,0,0,1
499,259375,5078,-9485,4406,-148,-644,792,0,0,0,0,0,0,1
500,259896,6544,-9229,2687,-270,-620,890,0,0,0,0,0,0,1
501,260417,7766,-8618,855,-372,-625,1002,0,0,0,0,0,0,1
502,260938,8681,-7678,-1007,-461,-658,1114,0,0,0,0,0,0,1
503,261458,9003,-6813,-2191,-1,-2,3,0,0,0,0,0,0,1
504,261979,9350,-5422,-3929,0,1,-1,0,0,0,0,0,0,1
505,262500,9334,-3822,-5520,1,-4,0,0,0,0,0,0,0,1
506,263021,8969,-2077,-6894,-1,-3,2,0,0,0,0,0,0,1
507,263542,8255,-244,-8002,-1,-3,-3,0,0,0,0,0,0,1
508,264062,7215,1586,-8811,1,3,3,0,0,0,0,0,0,1
509,264583,5907,3367,-9276,-1,-1,-1,0,0,0,0,0,0,1
510,265104,4370,5007,-9388,-2,1,-2,0,0,0,0,0,0,1
511,265625,2671,6453,-9131,5,3,0,0,0,0,0,0,0,1
512,266146,857,7668,-8528,4,-1,2,0,0,0,0,0,0,1
513,266667,-976,8575,-7594,-1,1,-2,0,0,0,0,0,0,1
514,267188,-2786,9163,-6372,-1,3,1,0,0,0,0,0,0,1
515,267708,-4481,9384,-4908,0,1,0,0,0,0,0,0,0,1
516,268229,-6007,9255,-3252,-1,-1,-3,0,0,0,0,0,0,1
517,268750,-7293,8767,-1466,0,1,2,0,0,0,0,0,0,1
518,269271,-8310,7944,373,1,-1,-2,0,0,0,0,0,0,1
519,269792,-9004,6806,2195,1,0,3,0,0,0,0,0,0,1
520,270312,-9348,5420,3929,1,-1,-2,0,0,0,0,0,0,1
521,270833,-9339,3821,5519,2,0,-3,0,0,0,0,0,0,1
522,271354,-8968,2074,6890,-2,-3,1,0,0,0,0,0,0,1
523,271875,-8253,253,8003,-1,-2,1,0,0,0,0,0,0,1
524,272396,-7223,-1590,8811,-3,-1,-1,0,0,0,0,0,0,1
525,272917,-5909,-3366,9272,1,4,-1,0,0,0,0,0,0,1
526,273438,-4376,-5008,9383,-1,6,0,0,0,0,0,0,0,1
527,273958,-2664,-6461,9134,-3,2,0,0,0,0,0,0,0,1
528,274479,-859,-7671,8529,1,1,3,0,0,0,0,0,0,1
529,275000,980,-8579,7595,-4,0,-1,0,0,0,0,0,0,1
530,275521,2788,-9154,6371,-2,1,0,0,0,0,0,0,0,1
531,276042,4479,-9387,4900,-1,0,-2,0,0,0,0,0,0,1
532,276562,6004,-9259,3248,-1,-1,0,0,0,0,0,0,0,1
533,277083,7296,-8765,1473,-2,5,-5,0,0,0,0,0,0,1
534,277604,8309,-7940,-367,1,-3,-2,0,0,0,0,0,0,1
535,278125,9002,-6814,-2192,1,-1,-2,0,0,0,0,0,0,1
536,278646,9348,-5415,-3931,3,0,-1,0,0,0,0,0,0,1
537,279167,9338,-3818,-5522,1,-1,3,0,0,0,0,0,0,1
538,279688,8969,-2068,-6896,0,1,1,0,0,0,0,0,0,1
539,280208,8249,-240,-8002,3,3,-2,0,0,0,0,0,0,1
540,280729,7220,1593,-8806,1,0,2,0,0,0,0,0,0,1
541,281250,5907,3368,-9275,2,-6,1,0,0,0,0,0,0,1
542,281771,4367,5010,-9385,-1,3,0,0,0,0,0,0,0,1
543,282292,2668,6461,-9135,3,1,3,0,0,0,0,0,0,1
544,282812,856,7670,-8527,0,0,-1,0,0,0,0,0,0,1
545,283333,-983,8578,-7595,1,1,1,0,0,0,0,0,0,1
546,283854,-2783,9157,-6371,0,-2,4,0,0,0,0,0,0,1
547,284375,-4478,9388,-4909,3,-2,1,0,0,0,0,0,0,1
548,284896,-6009,9252,-3247,0,3,0,0,0,0,0,0,0,1
549,285417,-7301,8763,-1470,1,0,1,0,0,0,0,0,0,1
550,285938,-8307,7937,370,2,-2,2,0,0,0,0,0,0,1
551,286458,-9004,6810,2191,-1,0,-1,0,0,0,0,0,0,1
552,286979,-9352,5423,3932,0,1,3,0,0,0,0,0,0,1
553,287500,-9339,3822,5526,-3,-1,0,0,0,0,0,0,0,1
554,288021,-8970,2069,6893,-2,2,-1,0,0,0,0,0,0,1
555,288542,-8252,243,8003,-4,-1,0,0,0,0,0,0,0,1
556,289062,-7222,-1593,8809,0,-3,-1,0,0,0,0,0,0,1
557,289583,-5905,-3365,9277,2,0,2,0,0,0,0,0,0,1
558,290104,-4370,-5014,9386,-1,0,-3,0,0,0,0,0,0,1
559,290625,-2670,-6464,9128,-3,-3,-2,0,0,0,0,0,0,1
560,291146,-857,-7665,8525,0,0,0,0,0,0,0,0,0,1
561,291667,986,-8581,7595,-2,-1,1,0,0,0,0,0,0,1
562,292188,2786,-9154,6375,-1,-1,-1,0,0,0,0,0,0,1
563,292708,4481,-9387,4907,0,0,3,0,0,0,0,0,0,1
564,293229,6006,-9262,3242,-6,-1,2,0,0,0,0,0,0,1
565,293750,7299,-8764,1474,-1,1,0,0,0,0,0,0,0,1
566,294271,8305,-7943,-367,-1,0,-3,0,0,0,0,0,0,1
567,294792,9008,-6816,-2196,0,3,1,0,0,0,0,0,0,1
568,295312,9351,-5428,-3932,3,-2,-2,0,0,0,0,0,0,1
569,295833,9338,-3818,-5518,-1,2,-1,0,0,0,0,0,0,1
570,296354,8961,-2071,-6897,-4,-3,0,0,0,0,0,0,0,1
571,296875,8251,-245,-8008,-1,1,-3,0,0,0,0,0,0,1
572,297396,7217,1591,-8816,2,1,1,0,0,0,0,0,0,1
573,297917,5914,3365,-9276,1,-1,0,0,0,0,0,0,0,1
574,298438,4370,5007,-9380,-4,-2,-1,0,0,0,0,0,0,1
575,298958,2667,6465,-9127,4,-1,2,0,0,0,0,0,0,1
576,299479,857,7663,-8529,3,-1,4,0,0,0,0,0,0,1
577,300000,-980,8577,-7596,-1,1,1,0,0,0,0,0,0,1
578,300521,-2779,9165,-6373,3,-2,1,0,0,0,0,0,0,1
579,301042,-4481,9389,-4904,3,1,-1,0,0,0,0,0,0,1
580,301562,-6001,9256,-3255,0,-1,-2,0,0,0,0,0,0,1
581,302083,-7295,8768,-1470,0,2,2,0,0,0,0,0,0,1
582,302604,-8305,7939,373,2,3,2,0,0,0,0,0,0,1
583,303125,-9001,6812,2200,0,-4,1,0,0,0,0,0,0,1
584,303646,-9350,5416,3928,0,3,-1,0,0,0,0,0,0,1
585,304167,-9343,3815,5520,2,1,4,0,0,0,0,0,0,1
586,304688,-8970,2077,6892,2,-1,1,0,0,0,0,0,0,1
587,305208,-8254,253,8003,-2,-1,2,0,0,0,0,0,0,1
588,305729,-7218,-1592,8814,1,-3,-2,0,0,0,0,0,0,1
589,306250,-5915,-3366,9276,1,6,1,0,0,0,0,0,0,1
590,306771,-4369,-5003,9378,0,-1,-3,0,0,0,0,0,0,1
591,307292,-2663,-6463,9133,0,-6,0,0,0,0,0,0,0,1
592,307812,-859,-7663,8528,2,0,0,0,0,0,0,0,0,1
593,308333,978,-8577,7600,-3,0,1,0,0,0,0,0,0,1
594,308854,2786,-9163,6371,-1,0,1,0,0,0,0,0,0,1
595,309375,4486,-9390,4904,4,0,-3,0,0,0,0,0,0,1
596,309896,5999,-9258,3248,5,-2,-3,0,0,0,0,0,0,1
597,310417,7298,-8771,1468,-1,1,2,0,0,0,0,0,0,1
598,310938,8304,-7941,-372,-4,-3,-1,0,0,0,0,0,0,1
599,311458,9000,-6813,-2187,-1,2,0,0,0,0,0,0,0,1
600,311979,9350,-5422,-3929,-1,-2,1,0,0,0,0,0,0,1
601,312500,9338,-3818,-5517,-2,-4,-1,0,0,0,0,0,0,1
602,313021,8968,-2067,-6897,3,-1,1,0,0,0,0,0,0,1
603,313542,8256,-247,-8011,1,-1,3,0,0,0,0,0,0,1
604,314062,7222,1588,-8806,-2,3,-2,0,0,0,0,0,0,1
605,314583,5913,3368,-9273,2,0,2,0,0,0,0,0,0,1
606,315104,4369,5015,-9383,5,-2,-2,0,0,0,0,0,0,1
607,315625,2666,6465,-9137,-2,0,-2,0,0,0,0,0,0,1
608,316146,852,7665,-8523,-2,-3,-2,0,0,0,0,0,0,1
609,316667,-982,8576,-7600,-2,-1,4,0,0,0,0,0,0,1
610,317188,-2787,9159,-6371,3,2,0,0,0,0,0,0,0,1
611,317708,-4484,9390,-4905,-3,0,3,0,0,0,0,0,0,1
612,318229,-6007,9259,-3249,3,-1,-1,0,0,0,0,0,0,1
613,318750,-7299,8763,-1472,0,4,-2,0,0,0,0,0,0,1
614,319271,-8307,7942,367,-1,2,3,0,0,0,0,0,0,1
615,319792,-9001,6806,2193,-2,-1,-2,0,0,0,0,0,0,1
616,320312,-9352,5419,3930,0,1,-1,0,0,0,0,0,0,1
617,320833,-9337,3820,5522,2,-1,1,0,0,0,0,0,0,1
618,321354,-8971,2070,6895,0,-4,0,0,0,0,0,0,0,1
619,321875,-8250,245,8010,-4,3,1,0,0,0,0,0,0,1
620,322396,-7222,-1586,8809,0,-2,2,0,0,0,0,0,0,1
621,322917,-5910,-3368,9273,-2,2,0,0,0,0,0,0,0,1
622,323438,-4367,-5005,9384,0,-1,0,0,0,0,0,0,0,1
623,323958,-2671,-6460,9131,0,1,1,0,0,0,0,0,0,1
624,324479,-860,-7666,8520,2,0,2,0,0,0,0,0,0,1
625,325000,979,-8581,7596,-6,0,-3,0,0,0,0,0,0,1
626,325521,2778,-9158,6373,0,-2,3,0,0,0,0,0,0,1
627,326042,4477,-9389,4901,-3,4,-1,0,0,0,0,0,0,1
628,326562,5999,-9256,3245,0,0,-1,0,0,0,0,0,0,1
629,327083,7301,-8770,1470,-1,2,1,0,0,0,0,0,0,1
630,327604,8311,-7943,-366,5,2,0,0,0,0,0,0,0,1
631,328125,9002,-6812,-2191,-4,1,-3,0,0,0,0,0,0,1
632,328646,9351,-5422,-3925,1,-1,-4,0,0,0,0,0,0,1
633,329167,9332,-3824,-5519,2,-1,-3,0,0,0,0,0,0,1
634,329688,8966,-2073,-6897,5,0,-1,0,0,0,0,0,0,1
635,330208,8255,-251,-8005,1,2,2,0,0,0,0,0,0,1
636,330729,7217,1593,-8805,-1,1,0,0,0,0,0,0,0,1
637,331250,5907,3365,-9271,2,-2,-1,0,0,0,0,0,0,1
638,331771,4373,5008,-9385,2,0,-1,0,0,0,0,0,0,1
639,332292,2665,6463,-9133,-1,0,-1,0,0,0,0,0,0,1
640,332812,857,7665,-8528,2,1,7,0,0,0,0,0,0,1
