P1 1 1 712 41 989 86
P1 1 2 701 48 967 85
P1 1 4 677 40 986 69
P1 1 8 705 50 862 49
P1 2 1 677 43 937 53
P1 2 2 685 44 886 38
P1 2 4 670 34 855 29
P1 2 8 690 49 896 38
P1 3 1 632 40 871 40
P1 3 2 677 34 839 26
P1 3 4 662 36 817 26
P1 3 8 723 40 868 33
P1 4 1 690 37 845 23
P1 4 2 668 33 823 15
P1 4 4 711 35 818 15
P1 4 8 719 35 830 11
P2 1 1 675 31 970 81
P2 1 2 683 40 970 90
P2 1 4 727 39 970 71
P2 1 8 620 46 927 68
P2 2 1 731 28 955 64
P2 2 2 635 36 892 51
P2 2 4 683 33 895 37
P2 2 8 595 35 840 23
P2 3 1 641 32 874 33
P2 3 2 677 35 858 26
P2 3 4 610 29 850 25
P2 3 8 620 32 856 18
P2 4 1 586 31 801 13
P2 4 2 630 32 840 17
P2 4 4 638 31 795 8
P2 4 8 624 31 800 9
P3 1 1 775 49 1031 109
P3 1 2 834 59 1058 129
P3 1 4 787 54 955 80
P3 1 8 849 55 915 59
P3 2 1 701 46 886 49
P3 2 2 704 42 878 34
P3 2 4 704 50 856 34
P3 2 8 728 39 851 37
P3 3 1 692 34 842 24
P3 3 2 681 38 851 30
P3 3 4 708 47 845 27
P3 3 8 726 37 853 16
P3 4 1 704 42 832 24
P3 4 2 728 43 814 17
P3 4 4 697 41 846 14
P3 4 8 671 35 813 12
P4 1 1 665 47 1055 120
P4 1 2 615 39 933 74
P4 1 4 613 37 956 75
P4 1 8 678 44 937 73
P4 2 1 629 33 939 46
P4 2 2 632 31 936 57
P4 2 4 599 34 911 38
P4 2 8 633 42 910 32
P4 3 1 639 34 904 41
P4 3 2 698 36 870 37
P4 3 4 669 33 897 32
P4 3 8 677 34 869 20
P4 4 1 626 34 821 16
P4 4 2 619 32 835 14
P4 4 4 618 33 860 19
P4 4 8 655 32 833 10
